501 00 1 0 1 00 55 40 30 60 45
501 02 1 2 1 01 55 45 40 45 45
501 04 1 2 1 02 55 50 40 45 40
501 09 1 2 1 03 45 50 40 60 40
501 11 1 2 1 04 55 50 40 50 40
501 22 1 2 1 05 55 60 45 45 40
501 39 1 2 1 06 60 55 50 60 50
501 40 1 2 1 07 55 45 40 40 40
501 46 1 2 1 08 40 45 35 40 30
501 13 1 2 1 09 35 35 35 40 35
501 76 1 2 1 10 35 35 35 35 35
501 43 1 2 1 11 40 40 35 35 30
501 54 1 2 1 12 60 60 65 60 55
501 01 1 2 1 13 55 50 40 35 35
501 07 1 2 1 14 40 45 35 40 30
501 14 1 2 1 15 35 40 35 40 35
501 30 1 2 1 16 45 45 40 45 35
501 37 1 2 1 17 45 50 35 35 35
501 50 1 2 1 18 55 55 40 40 35
501 52 1 2 1 19 35 40 30 30 30
501 65 1 2 1 20 50 55 40 45 35
501 70 1 2 1 21 55 55 40 35 35
501 38 1 2 1 22 60 55 40 45 40
501 42 1 2 1 23 65 55 40 45 35
501 03 1 2 1 24 65 55 40 55 40
501 05 1 2 1 25 65 60 45 50 40
501 06 1 2 1 26 50 45 35 40 35
501 08 1 2 1 27 45 45 35 40 30
501 10 1 2 1 28 
501 12 1 2 1 29 50 50 40 40 35
501 15 1 2 1 30 55 50 40 45 35
501 16 1 2 1 31 65 60 35 45 35
501 17 1 2 1 32 60 55 35 60 40
501 18 1 2 1 33 40 45 35 35 35
501 19 1 2 1 34 40 45 35 35 35
501 20 1 2 1 35 55 60 40 40 40
501 21 1 2 1 36 50 50 40 45 35
501 23 1 2 1 37 55 60 40 45 40
501 24 1 2 1 38 65 65 55 55 45
501 25 1 2 1 39 55 60 45 45 40
501 26 1 2 1 40 55 60 45 40 35
501 27 1 2 1 41 65 65 60 60 55
501 28 1 2 1 42 40 45 35 40 35
501 29 1 2 1 43 55 50 40 35 35
501 31 1 2 1 44 60 60 45 45 40
501 32 1 2 1 45 55 55 45 45 40
501 33 1 2 1 46 60 60 45 45 40
501 34 1 2 1 47 50 55 40 55 40
501 35 1 2 1 48 65 60 50 50 40
501 36 1 2 1 49 60 60 45 45 35
501 41 1 2 1 50 45 55 40 35 35
501 44 1 2 1 51 40 40 35 35 30
501 45 1 2 1 52 45 55 40 45 35
501 47 1 2 1 53 45
501 48 1 2 1 54 60 55 40 50 35
501 49 1 2 1 55 45 50 35 40 35
501 51 1 2 1 56 50 55 40 45 35
501 53 1 2 1 57 60 60 50 55 40
501 55 1 2 1 58 55 55 45 50 40
501 56 1 2 1 59 40 40 35 40 35
501 57 1 2 1 60 55
501 58 1 2 1 61 40 50 40 35 35
501 59 1 2 1 62 55 55 40 45 40
501 60 1 2 1 63 40 40 35 35 35
501 61 1 2 1 64 55 55 40 45 35
501 62 1 2 1 65 40 45 35 35 30
501 63 1 2 1 66 50 45 40 40 35
501 64 1 2 1 67 45 45 35 40 35
501 66 1 2 1 68 55 45 40 50 35
501 67 1 2 1 69 55 50 40 40 35
501 68 1 2 1 70 40 45 35 35 30
501 69 1 2 1 71 35 40 30 30 30
501 71 1 2 1 72 45 45 35 40 30
501 72 1 2 1 73 50 50 35 40 35
501 73 1 2 1 74 45 50 35 35 35
501 74 1 2 1 75 50 50 35 35 35
501 75 1 2 1 76 45 45 35 40 35
501 77 1 2 1 77 60 55 45 50 35
501 78 1 2 1 78 55 55 40 40 35
501 79 1 2 1 79 60 45 35 45 35
501 80 1 2 1 80 65 55 45 45 40
501 00 1 0 2 00 65 60 55 60 45
501 02 1 2 2 01 75 70 70 75 70
501 04 1 2 2 02 65 55 50 45 45
501 09 1 2 2 03 45 30 30 40 35
501 11 1 2 2 04 75 65 65 75 70
501 22 1 2 2 05 45 35 35 40 35
501 39 1 2 2 06 55 50 45 50 45
501 40 1 2 2 07 30 25 25 25 25
501 46 1 2 2 08 55 50 45 40 40
501 13 1 2 2 09 55 50 45 40 40
501 76 1 2 2 10 40 35 20 25 25
501 43 1 2 2 11 30 25 20 20 20
501 54 1 2 2 12 55 55 40 45 45
501 01 1 2 2 13 20 15 15 15 15
501 07 1 2 2 14 40 35 20 20 20
501 14 1 2 2 15 55 50 35 40 35
501 30 1 2 2 16 20 25 15 20 20
501 37 1 2 2 17 45 50 35 35 30
501 50 1 2 2 18 70 60 35 45 45
501 52 1 2 2 19 15 15 20 30 30
501 65 1 2 2 20 45 35 25 20 20
501 70 1 2 2 21 55 45 45 35 40
501 38 1 2 2 22 45 40 35 40 40
501 42 1 2 2 23 55 55 45 40 40
501 03 1 2 2 24 55 50 30 35 30
501 05 1 2 2 25 45 35 25 30 25
501 06 1 2 2 26 55 60 55 55 50
501 08 1 2 2 27 40 40 25 25 20
501 10 1 2 2 28 45 40 20 30 25
501 12 1 2 2 29 35 30 25 20 20
501 15 1 2 2 30 55 50 45 55 50
501 16 1 2 2 31 35 30 15 20 20
501 17 1 2 2 32 35 25 15 30 25
501 18 1 2 2 33 30 25 20 25 20
501 19 1 2 2 34 55 45 35 40 40
501 20 1 2 2 35 50 40 35 40 40
501 21 1 2 2 36 60 55 45 45 45
501 23 1 2 2 37 45 40 30 25 20
501 24 1 2 2 38 45 40 30 35 35
501 25 1 2 2 39 50 35 20 15 15
501 26 1 2 2 40 45 45 30 25 25
501 27 1 2 2 41 50 45 35 30 30
501 28 1 2 2 42 40 30 20 15 15
501 29 1 2 2 43 30 25 15 20 15
501 31 1 2 2 44 50 40 20 25 25
501 32 1 2 2 45 55 50 40 45 45
501 33 1 2 2 46 60 55 40 45 45
501 34 1 2 2 47 45 35 25 30 25
501 35 1 2 2 48 55 50 30 30 25
501 36 1 2 2 49 25 20 10 10 10
501 41 1 2 2 50 30 30 25 20 20
501 44 1 2 2 51 40 35 25 20 20
501 45 1 2 2 52 55 50 30 25 25
501 47 1 2 2 53 50 50 30 25 25
501 48 1 2 2 54 
501 49 1 2 2 55 45 35 20 15 15
501 51 1 2 2 56 45 35 30 30 25
501 53 1 2 2 57 45 40 30 25 25
501 55 1 2 2 58 45 40 30 30 25
501 56 1 2 2 59 35 30 20 15 15
501 57 1 2 2 60 25 30 20 20 15
501 58 1 2 2 61 35 30 25 25 25
501 59 1 2 2 62 30 25 15 15 15
501 60 1 2 2 63 20 15 10 15 15
501 61 1 2 2 64 35 30 20 20 20
501 62 1 2 2 65 15 15 20 20 20
501 63 1 2 2 66 45 40 25 25 20
501 64 1 2 2 67 25 25 20 20 15
501 66 1 2 2 68 
501 67 1 2 2 69 30 30 25 25 20
501 68 1 2 2 70 45 40 25 20 20
501 69 1 2 2 71 30 25 15 20 20
501 71 1 2 2 72 25 20 15 15 15
501 72 1 2 2 73 30 30 20 20 15
501 73 1 2 2 74 40 35 25 25 25
501 74 1 2 2 75 45 45 30 35 35
501 75 1 2 2 76 40 35 20 20 15
501 77 1 2 2 77 40 40 20 20 20
501 78 1 2 2 78 30 30 25 25 25
501 79 1 2 2 79 25 20 20 25 20
501 80 1 2 2 80 45 40 30 25 25
501 00 1 0 3 00 60 65 30 45 20
501 02 1 2 3 01 40 25 20 25 25
501 04 1 2 3 02 15 20 15 15 15
501 09 1 2 3 03 75 70 70 70 70
501 11 1 2 3 04 70 75 65 75 70
501 22 1 2 3 05 40 35 15 15 15
501 39 1 2 3 06 45 35 15 10 10
501 40 1 2 3 07 55 55 20 20 15
501 46 1 2 3 08 40 35 15 20 15
501 13 1 2 3 09 50 55 35 45 40
501 76 1 2 3 10 30 35 20 25 25
501 43 1 2 3 11 25 30 15 10 10
501 54 1 2 3 12 65 70 40 45 40
501 01 1 2 3 13 50 50 25 20 20
501 07 1 2 3 14 55 55 25 35 35
501 14 1 2 3 15 55 55 30 35 30
501 30 1 2 3 16 55 55 25 30 30
501 37 1 2 3 17 15 20 10 10 10
501 50 1 2 3 18 35 35 15 20 20
501 52 1 2 3 19 55 60 25 30 30
501 65 1 2 3 20 30 30 15 20 20
501 70 1 2 3 21 25 25 20 15 15
501 38 1 2 3 22 50 50 35 40 40
501 42 1 2 3 23 45 45 20 15 15
501 03 1 2 3 24 55 55 20 25 25
501 05 1 2 3 25 45 35 25 25 20
501 06 1 2 3 26 60 55 25 30 25
501 08 1 2 3 27 40 40 20 20 15
501 10 1 2 3 28 45 45 15 20 20
501 12 1 2 3 29 30 35 20 20 20
501 15 1 2 3 30 70 75 65 55 55
501 16 1 2 3 31 35 35 15 15 15
501 17 1 2 3 32 30 30 15 15 15
501 18 1 2 3 33 25 20 10 10 10
501 19 1 2 3 34 50 50 20 20 15
501 20 1 2 3 35 20 25 25 35 25
501 21 1 2 3 36 55 50 20 25 20
501 23 1 2 3 37 60 55 25 30 25
501 24 1 2 3 38 35 40 15 25 20
501 25 1 2 3 39 
501 26 1 2 3 40 35 35 20 15 15
501 27 1 2 3 41 75 80 75 70 70
501 28 1 2 3 42 25 20 15 15 10
501 29 1 2 3 43 30 25 15 15 15
501 31 1 2 3 44 50 45 20 20 20
501 32 1 2 3 45 20 15 10 15 10
501 33 1 2 3 46 30 30 20 20 15
501 34 1 2 3 47 25 30 20 15 15
501 35 1 2 3 48 55 55 40 30 30
501 36 1 2 3 49 25 20 15 15 15
501 41 1 2 3 50 25 30 15 20 15
501 44 1 2 3 51 45 40 20 20 20
501 45 1 2 3 52 30 35 20 20 20
501 47 1 2 3 53 60 60 40 40 40
501 48 1 2 3 54 35 40 25 20 20
501 49 1 2 3 55 20 30 15 20 15
501 51 1 2 3 56 30 35 20 25 25
501 53 1 2 3 57 40 40 20 20 20
501 55 1 2 3 58 25 30 15 25 25
501 56 1 2 3 59 55 55 25 30 30
501 57 1 2 3 60 45 40 25 30 30
501 58 1 2 3 61 50 55 40 45 45
501 59 1 2 3 62 40 40 25 30 25
501 60 1 2 3 63 40 40 25 20 20
501 61 1 2 3 64 25 25 15 10 10
501 62 1 2 3 65 15 20 10 10 10
501 63 1 2 3 66 25 25 15 15 15
501 64 1 2 3 67 35 35 25 20 20
501 66 1 2 3 68 35 35 25 25 25
501 67 1 2 3 69 
501 68 1 2 3 70 25 30 20 25 20
501 69 1 2 3 71 15 20 15 15 10
501 71 1 2 3 72 20 20 15 15 15
501 72 1 2 3 73 30 30 15 10 10
501 73 1 2 3 74 35 40 30 35 30
501 74 1 2 3 75 15 15 10 10 10
501 75 1 2 3 76 25 25 20 25 20
501 77 1 2 3 77 25 25 20 25 25
501 78 1 2 3 78 35 30 25 30 30
501 79 1 2 3 79 40 45 30 45 35
501 80 1 2 3 80 30 30 25 25 20
502 00 1 0 1 00 35 35 35 40 30
502 02 1 1 1 01 40 35 35 45 40
502 04 1 1 1 02 35 35 35 40 35
502 09 1 1 1 03 30 35 35 30 35
502 11 1 1 1 04 40 45 40 50 40
502 22 1 1 1 05 35 30 35 35 35
502 39 1 1 1 06 60 55 50 60 50
502 40 1 1 1 07 45 55 45 50 45
502 46 1 1 1 08 35 35 40 45 35
502 13 1 1 1 09 45 45 35 40 35
502 76 1 1 1 10 40 40 35 35 35
502 43 1 1 1 11 40 40 40 35 40
502 54 1 1 1 12 55 45 40 50 45
502 01 1 1 1 13 55 45 45 55 45
502 07 1 1 1 14 40 40 35 35 35
502 14 1 1 1 15 45 45 50 50 50
502 30 1 1 1 16 35 35 30 30 25
502 37 1 1 1 17 35 35 35 35 35
502 50 1 1 1 18 35 35 35 35 35
502 52 1 1 1 19 30 30 35 35 30
502 65 1 1 1 20 40 40 40 50 40
502 70 1 1 1 21 40 40 40 40 40
502 38 1 1 1 22 55 55 50 50 50
502 42 1 1 1 23 45 55 45 50 45
502 03 1 1 1 24 55 55 50 60 50
502 05 1 1 1 25 35 35 35 35 35
502 06 1 1 1 26 35 35 35 35 35
502 08 1 1 1 27 35 35 35 35 35
502 10 1 1 1 28 45 50 45 55 45
502 12 1 1 1 29 40 40 40 35 40
502 15 1 1 1 30 45 45 45 50 45
502 16 1 1 1 31 40 40 40 50 40
502 17 1 1 1 32 45 50 45 55 45
502 18 1 1 1 33 40 40 40 40 40
502 19 1 1 1 34 45 45 40 50 40
502 20 1 1 1 35 55 50 45 50 45
502 21 1 1 1 36 50 45 45 55 45
502 23 1 1 1 37 50 50 50 55 50
502 24 1 1 1 38 40 45 40 45 40
502 25 1 1 1 39 40 40 35 40 40
502 26 1 1 1 40 50 50 50 45 50
502 27 1 1 1 41 55 50 50 60 50
502 28 1 1 1 42 40 40 40 40 40
502 29 1 1 1 43 55 55 50 65 50
502 31 1 1 1 44 50 50 50 55 50
502 32 1 1 1 45 45 45 45 50 45
502 33 1 1 1 46 45 45 40 45 40
502 34 1 1 1 47 40 40 40 40 40
502 35 1 1 1 48 35 35 35 40 35
502 36 1 1 1 49 50 50 50 55 50
502 41 1 1 1 50 50 55 50 60 50
502 44 1 1 1 51 35 35 35 35 35
502 45 1 1 1 52 45 45 45 45 45
502 47 1 1 1 53 40 40 40 45 40
502 48 1 1 1 54 40 40 40 35 40
502 49 1 1 1 55 40 40 40 45 40
502 51 1 1 1 56 45 45 45 50 45
502 53 1 1 1 57 50 50 50 50 50
502 55 1 1 1 58 45 50 45 55 45
502 56 1 1 1 59 40 40 40 50 40
502 57 1 1 1 60 45 45 45 45 40
502 58 1 1 1 61 45 45 45 50 45
502 59 1 1 1 62 45 45 45 45 45
502 60 1 1 1 63 50 50 50 50 50
502 61 1 1 1 64 40 40 40 40 40
502 62 1 1 1 65 45 45 45 50 45
502 63 1 1 1 66 40 40 40 45 40
502 64 1 1 1 67 45 50 45 50 45
502 66 1 1 1 68 45 45 45 50 45
502 67 1 1 1 69 50 45 45 55 45
502 68 1 1 1 70 45 45 45 45 45
502 69 1 1 1 71 45 45 45 55 45
502 71 1 1 1 72 35 40 40 35 40
502 72 1 1 1 73 45 50 45 50 45
502 73 1 1 1 74 50 50 45 60 50
502 74 1 1 1 75 40 40 40 40 40
502 75 1 1 1 76 40 40 45 45 40
502 77 1 1 1 77 45 45 40 45 40
502 78 1 1 1 78 45 45 45 50 45
502 79 1 1 1 79 45 45 45 55 45
502 80 1 1 1 80 45 45 40 50 45
502 00 1 0 2 00 35 35 25 50 25
502 02 1 1 2 01 45 40 45 40 45
502 04 1 1 2 02 35 40 40 40 40
502 09 1 1 2 03 55 50 50 55 45
502 11 1 1 2 04 60 65 50 55 55
502 22 1 1 2 05 35 35 40 45 40
502 39 1 1 2 06 40 40 35 45 45
502 40 1 1 2 07 55 55 50 55 50
502 46 1 1 2 08 50 45 45 50 45
502 13 1 1 2 09 55 50 50 45 45
502 76 1 1 2 10 35 35 45 40 35
502 43 1 1 2 11 40 40 35 40 35
502 54 1 1 2 12 50 45 45 55 45
502 01 1 1 2 13 60 70 55 60 50
502 07 1 1 2 14 45 50 45 55 50
502 14 1 1 2 15 20 25 20 35 30
502 30 1 1 2 16 05 10 25 25 25
502 37 1 1 2 17 40 45 35 45 45
502 50 1 1 2 18 75 90 65 60 70
502 52 1 1 2 19 10 10 15 05 20
502 65 1 1 2 20 30 30 35 35 35
502 70 1 1 2 21 45 45 45 45 45
502 38 1 1 2 22 70 75 70 65 55
502 42 1 1 2 23 65 60 50 55 50
502 03 1 1 2 24 60 70 65 60 50
502 05 1 1 2 25 40 40 30 30 40
502 06 1 1 2 26 30 30 30 25 30
502 08 1 1 2 27 35 30 30 45 35
502 10 1 1 2 28 65 65 55 55 55
502 12 1 1 2 29 40 40 40 45 40
502 15 1 1 2 30 55 55 50 60 50
502 16 1 1 2 31 45 45 45 40 40
502 17 1 1 2 32 55 50 45 80 45
502 18 1 1 2 33 35 35 35 45 40
502 19 1 1 2 34 50 50 45 55 50
502 20 1 1 2 35 70 80 55 70 55
502 21 1 1 2 36 80 75 60 70 55
502 23 1 1 2 37 90 60 50 65 50
502 24 1 1 2 38 40 35 40 40 40
502 25 1 1 2 39 40 35 35 45 40
502 26 1 1 2 40 95 95 90 65 80
502 27 1 1 2 41 65 50 55 80 50
502 28 1 1 2 42 40 35 40 35 40
502 29 1 1 2 43 95 85 70 75 65
502 31 1 1 2 44 45 45 45 65 45
502 32 1 1 2 45 40 40 40 50 45
502 33 1 1 2 46 50 50 45 50 45
502 34 1 1 2 47 45 45 40 50 45
502 35 1 1 2 48 40 40 35 40 40
502 36 1 1 2 49 50 50 50 55 45
502 41 1 1 2 50 50 50 50 60 50
502 44 1 1 2 51 40 35 35 40 35
502 45 1 1 2 52 45 45 45 55 45
502 47 1 1 2 53 40 40 45 45 45
502 48 1 1 2 54 45 40 40 40 40
502 49 1 1 2 55 50 45 50 55 50
502 51 1 1 2 56 35 35 35 40 35
502 53 1 1 2 57 50 50 45 50 45
502 55 1 1 2 58 45 45 50 55 50
502 56 1 1 2 59 45 40 40 45 45
502 57 1 1 2 60 50 50 45 50 45
502 58 1 1 2 61 45 50 45 50 50
502 59 1 1 2 62 45 40 40 40 40
502 60 1 1 2 63 55 50 50 55 50
502 61 1 1 2 64 45 45 45 45 45
502 62 1 1 2 65 40 40 45 25 35
502 63 1 1 2 66 40 35 35 45 40
502 64 1 1 2 67 50 50 45 55 50
502 66 1 1 2 68 45 45 45 55 45
502 67 1 1 2 69 55 55 50 55 50
502 68 1 1 2 70 45 50 45 60 50
502 69 1 1 2 71 45 50 45 55 50
502 71 1 1 2 72 35 35 35 40 35
502 72 1 1 2 73 55 50 50 55 50
502 73 1 1 2 74 50 55 50 55 50
502 74 1 1 2 75 55 50 45 60 50
502 75 1 1 2 76 55 55 50 55 50
502 77 1 1 2 77 50 50 45 45 50
502 78 1 1 2 78 50 50 45 50 50
502 79 1 1 2 79 40 45 45 50 45
502 80 1 1 2 80 45 50 45 45 50
502 00 1 0 3 00 35 35 20 50 20
502 02 1 1 3 01 35 35 35 40 30
502 04 1 1 3 02 20 30 30 40 25
502 09 1 1 3 03 25 30 30 40 30
502 11 1 1 3 04 75 80 65 75 50
502 22 1 1 3 05 40 40 30 35 30
502 39 1 1 3 06 40 35 35 50 40
502 40 1 1 3 07 40 40 40 40 30
502 46 1 1 3 08 30 35 35 40 35
502 13 1 1 3 09 35 40 35 55 35
502 76 1 1 3 10 20 30 30 35 30
502 43 1 1 3 11 20 20 15 25 25
502 54 1 1 3 12 55 50 40 60 40
502 01 1 1 3 13 40 45 35 45 40
502 07 1 1 3 14 35 25 30 30 30
502 14 1 1 3 15 35 35 30 40 35
502 30 1 1 3 16 40 35 30 40 35
502 37 1 1 3 17 25 25 20 25 20
502 50 1 1 3 18 55 50 40 50 45
502 52 1 1 3 19 30 30 35 40 35
502 65 1 1 3 20 30 25 35 30 30
502 70 1 1 3 21 40 40 35 40 35
502 38 1 1 3 22 35 35 40 50 35
502 42 1 1 3 23 40 40 40 45 40
502 03 1 1 3 24 40 40 35 40 35
502 05 1 1 3 25 40 40 35 35 40
502 06 1 1 3 26 10 15 15 25 20
502 08 1 1 3 27 15    20 05 20
502 10 1 1 3 28 45 45 35 45 35
502 12 1 1 3 29 30 30 35 35 30
502 15 1 1 3 30 95 95 95 80 85
502 16 1 1 3 31 30 25 25 30 25
502 17 1 1 3 32 35 30 30 40 30
502 18 1 1 3 33 45 40 35 50 40
502 19 1 1 3 34 30 40 30 25 30
502 20 1 1 3 35 50 55 50 65 45
502 21 1 1 3 36 40 40 45 45 45
502 23 1 1 3 37 40 40 45 45 45
502 24 1 1 3 38 45 45 35 40 35
502 25 1 1 3 39 45 45 45 40 40
502 26 1 1 3 40 30 35 30 30 30
502 27 1 1 3 41 99 99 99 90 99
502 28 1 1 3 42 35 40 35 35 35
502 29 1 1 3 43 40 40 40 40 35
502 31 1 1 3 44 55 50 45 45 45
502 32 1 1 3 45 35 35 40 40 35
502 33 1 1 3 46 35 30 30 30 30
502 34 1 1 3 47 25 30 25 25 25
502 35 1 1 3 48 10 15 15 15 15
502 36 1 1 3 49 45 50 40 45 40
502 41 1 1 3 50 25 30 25 25 25
502 44 1 1 3 51 20 25 25 35 30
502 45 1 1 3 52 25 25 20 25 20
502 47 1 1 3 53 55 50 45 50 45
502 48 1 1 3 54 45 45 40 50 45
502 49 1 1 3 55 35 35 30 35 30
502 51 1 1 3 56 35 30 35 30 30
502 53 1 1 3 57 40 40 45 45 40
502 55 1 1 3 58 40 35 35 40 35
502 56 1 1 3 59 35 35 40 40 35
502 57 1 1 3 60 35 35 35 40 35
502 58 1 1 3 61 45 50 40 45 45
502 59 1 1 3 62 50 50 50 50 50
502 60 1 1 3 63 20 20 15 15 20
502 61 1 1 3 64 20 20 20 25 20
502 62 1 1 3 65 30 35 40 40 35
502 63 1 1 3 66 40 40 40 40 40
502 64 1 1 3 67 40 35 35 40 30
502 66 1 1 3 68 50 40 35 45 40
502 67 1 1 3 69 50 55 45 50 45
502 68 1 1 3 70 45 45 40 50 45
502 69 1 1 3 71 40 40 35 35 35
502 71 1 1 3 72 35 35 30 35 30
502 72 1 1 3 73 40 40 35 45 40
502 73 1 1 3 74 40 45 40 45 40
502 74 1 1 3 75 35 35 30 35 30
502 75 1 1 3 76 35 40 40 45 40
502 77 1 1 3 77 50 55 45 50 45
502 78 1 1 3 78 40 35 35 40 35
502 79 1 1 3 79 45 50 45 40 40
502 80 1 1 3 80 35 35 40 35 35
503 00 1 0 1 00 50 35 35 55 35
503 02 1 2 1 01 60 60 60 60 60
503 04 1 2 1 02 45 40 40 50 35
503 09 1 2 1 03 35 35 35 45 35
503 11 1 2 1 04 45 50 40 40 40
503 22 1 2 1 05 30 30 30 30 35
503 39 1 2 1 06 35 35 40 40 40
503 40 1 2 1 07 30 30 20 25 25
503 46 1 2 1 08 30 30 30 35 30
503 13 1 2 1 09 35 35 30 30 30
503 76 1 2 1 10 15 15 20 20 15
503 43 1 2 1 11 30 30 25 30 25
503 54 1 2 1 12 50 50
503 01 1 2 1 13 35 35 25 35 30
503 07 1 2 1 14 45 50 45 60 35
503 14 1 2 1 15 40 40 40 55 40
503 30 1 2 1 16 40 40 30 35 35
503 37 1 2 1 17 50 50 50 60 50
503 50 1 2 1 18 45 45 30 30 35
503 52 1 2 1 19 35 35 20 20 20
503 65 1 2 1 20 45 40 40 45 45
503 70 1 2 1 21 50 40 40 50 40
503 38 1 2 1 22 60 60 55 65 55
503 42 1 2 1 23 55 55 35 55 35
503 03 1 2 1 24 50 50 40 60 30
503 05 1 2 1 25 40 35 40 40 35
503 06 1 2 1 26 40 40 40 55 45
503 08 1 2 1 27 35 35 30 35 30
503 10 1 2 1 28 70 70 65 70 70
503 12 1 2 1 29 35 35 30 50 35
503 15 1 2 1 30 50 50 50 50 50
503 16 1 2 1 31 60 60 55 60 60
503 17 1 2 1 32 45 40 30 55 30
503 18 1 2 1 33 35 35 30 25 30
503 19 1 2 1 34 55 55 45 40 40
503 20 1 2 1 35 65 65 55 60 50
503 21 1 2 1 36 50 50 50 45 45
503 23 1 2 1 37 55 55 55 60 60
503 24 1 2 1 38 60 60 85 70 75
503 25 1 2 1 39 50 50 45 45 40
503 26 1 2 1 40 45 40 30 40 35
503 27 1 2 1 41 70 75 65 75 65
503 28 1 2 1 42 40 40 30 35 30
503 29 1 2 1 43 50 50 50 60 50
503 31 1 2 1 44 55 55 45 55 50
503 32 1 2 1 45 65 65 60 65 60
503 33 1 2 1 46 55 55 50 55 50
503 34 1 2 1 47 40 40 65 70 60
503 35 1 2 1 48 55 55 55 60 55
503 36 1 2 1 49 55 55 55 60 50
503 41 1 2 1 50 45 45 40 50 40
503 44 1 2 1 51 40 40 35 35 35
503 45 1 2 1 52 50 50 45 65 45
503 47 1 2 1 53 40 40 35 40 35
503 48 1 2 1 54 40 40 40 50 40
503 49 1 2 1 55 35 35 35 30 30
503 51 1 2 1 56 50 50 45 50 40
503 53 1 2 1 57 50 50 45 40 40
503 55 1 2 1 58 50 55 50 60 55
503 56 1 2 1 59 30 30 30 30 30
503 57 1 2 1 60 45 45 35 45 40
503 58 1 2 1 61 40 40 35 35 35
503 59 1 2 1 62 45 45 35 30 30
503 60 1 2 1 63 40 40 30 30 30
503 61 1 2 1 64 50 50 45 55 45
503 62 1 2 1 65 40 45 40 30 30
503 63 1 2 1 66 35 35 30 25 25
503 64 1 2 1 67 50 50 45 40 50
503 66 1 2 1 68 40 40 40 40 35
503 67 1 2 1 69 55 55 45 50 55
503 68 1 2 1 70 35 35 30 30 35
503 69 1 2 1 71 60 45 45 30 45
503 71 1 2 1 72 40 40 40 35 35
503 72 1 2 1 73 40 40 35 45 30
503 73 1 2 1 74 60 60 55 60 45
503 74 1 2 1 75 45 50 30 30 30
503 75 1 2 1 76 45 45 40 55 40
503 77 1 2 1 77 35 35 30 60 30
503 78 1 2 1 78 45 45 45 50 45
503 79 1 2 1 79 55 55 50 45 50
503 80 1 2 1 80 40 40 35 35 35
503 00 1 0 2 00 50 40 35 75 35
503 02 1 1 2 01 60 60 50 50 50
503 04 1 2 2 02 35 35 35 40 35
503 09 1 2 2 03 50 40 40 65 40
503 11 1 2 2 04 70 80 65 70 60
503 22 1 2 2 05 20 20 15 20 20
503 39 1 2 2 06 40 35 35 40 30
503 40 1 2 2 07 45 45 35 50 35
503 46 1 2 2 08 60 60 55 70 60
503 13 1 2 2 09 60 60 60 55 55
503 76 1 2 2 10 10 10 10 10 10
503 43 1 2 2 11 30 30 30 30 30
503 54 1 2 2 12 75 75 65 65 60
503 01 1 2 2 13 35 40 35 45 35
503 07 1 2 2 14 55 50 45 55 35
503 14 1 2 2 15 40 45 35 40 35
503 30 1 2 2 16 10 10 10 25 10
503 37 1 2 2 17 40 40 35 30 30
503 50 1 2 2 18 90 95 80 80 80
503 52 1 2 2 19 35 30 25 25 25
503 65 1 2 2 20 35 35 35 35 35
503 70 1 2 2 21 40 45 35 50 35
503 38 1 2 2 22 85 80 80 80 80
503 42 1 2 2 23 70 60 50 70 50
503 03 1 2 2 24 65 65 60 60 55
503 05 1 2 2 25 35 35 30 40 30
503 06 1 2 2 26 75 70 55 60 55
503 08 1 2 2 27 25 25 30 50 25
503 10 1 2 2 28 60 60 50 70 40
503 12 1 2 2 29 40 40 40 40 40
503 15 1 2 2 30 65 65 50 45 55
503 16 1 2 2 31 55 55 45 50 45
503 17 1 2 2 32 40 35 30 40 30
503 18 1 2 2 33 15 10 10 20 10
503 19 1 2 2 34 40 45 30 50 30
503 20 1 2 2 35 50 50 40 40 35
503 21 1 2 2 36 90 95 70 75 60
503 23 1 2 2 37 60 60 60 65 60
503 24 1 2 2 38 60 55 50 40 50
503 25 1 2 2 39 55 55 55 55 55
503 26 1 2 2 40 40 30 30 30 30
503 27 1 2 2 41 80 70 60 65 60
503 28 1 2 2 42 40 40 40 60 40
503 29 1 2 2 43 70 65 55 60 55
503 31 1 2 2 44 60 55 45 50 45
503 32 1 2 2 45 60 60 75 70 75
503 33 1 2 2 46 75 75 70 65 65
503 34 1 2 2 47 60 55 45 55 50
503 35 1 2 2 48 75 75 75 75 60
503 36 1 2 2 49 40 40 35 35 35
503 41 1 2 2 50 60 65 55 60 55
503 44 1 2 2 51 40 40 35 35 35
503 45 1 2 2 52 45 50 40 50 40
503 47 1 2 2 53 45 40 40 50 40
503 48 1 2 2 54 45 45 45 35 35
503 49 1 2 2 55 40 40 40 35 40
503 51 1 2 2 56 
503 53 1 2 2 57 35 35 35 35 30
503 55 1 2 2 58 55 55 50 60 45
503 56 1 2 2 59 10 05 05 10 05
503 57 1 2 2 60 45 45 40 45 40
503 58 1 2 2 61 35 35 30 25 25
503 59 1 2 2 62 50 50 40 40 40
503 60 1 2 2 63 45 45
503 61 1 2 2 64 40 40 35 35 30
503 62 1 2 2 65 50 50 45 35 45
503 63 1 2 2 66 
503 64 1 2 2 67 40 45 40 40 40
503 66 1 2 2 68 55 50 50 50 50
503 67 1 2 2 69 60 60 55 60 55
503 68 1 2 2 70 45 40 40 45 40
503 69 1 2 2 71 50 50 40 35 40
503 71 1 2 2 72 20 20 20 20 20
503 72 1 2 2 73 60 60 45 60 45
503 73 1 2 2 74 60 55 40 40 40
503 74 1 2 2 75 55 55 45 40 50
503 75 1 2 2 76 40 40 30 30 30
503 77 1 2 2 77 40 40 35 35 35
503 78 1 2 2 78 
503 79 1 2 2 79 45 40 40 45 40
503 80 1 2 2 80 60 60 40 35 50
503 00 1 0 3 00 40 40 30 70 40
503 02 1 2 3 01 
503 04 1 2 3 02 45 40 35 50 35
503 09 1 2 3 03 60 65 60 85 55
503 11 1 2 3 04 55 55 60 75 50
503 22 1 2 3 05 20 20 10 20 10
503 39 1 2 3 06 35 35 30 30 30
503 40 1 2 3 07 60 60 45 65 40
503 46 1 2 3 08 35 35 25 30 25
503 13 1 2 3 09 60 65 60 75 60
503 76 1 2 3 10 20 20 10 10 10
503 43 1 2 3 11 05 05 05 05 05
503 54 1 2 3 12 60 65 60 75 60
503 01 1 2 3 13 35 35 40 50 40
503 07 1 1 3 14 50 50 40 65 40
503 14 1 2 3 15 55 50 45 45 45
503 30 1 2 3 16 40 40 45 60 45
503 37 1 2 3 17 10 10 10 05 05
503 50 1 2 3 18 45 45 40 40 40
503 52 1 2 3 19 35 35 35 40 35
503 65 1 2 3 20 55 55 45 50 40
503 70 1 2 3 21 50 50 40 60 40
503 38 1 2 3 22 65 70 70 90 70
503 42 1 2 3 23 45 45 40 50 40
503 03 1 2 3 24 55 55 45 65 45
503 05 1 2 3 25 40 40 35 35 35
503 06 1 2 3 26 35 35 30 30 35
503 08 1 2 3 27 30 30 25 30 25
503 10 1 2 3 28 40 40 40 50 40
503 12 1 2 3 29 35 35 35 40 35
503 15 1 2 3 30 75 75 70 75 70
503 16 1 2 3 31 30 30 30 30 30
503 17 1 2 3 32 40 35 30 65 30
503 18 1 2 3 33 30 30 30 20 30
503 19 1 2 3 34 35 35 30 40 30
503 20 1 2 3 35 70 70 75 90 75
503 21 1 2 3 36 
503 23 1 2 3 37 40 40 40 55 40
503 24 1 2 3 38 35 35 30 40 30
503 25 1 2 3 39 55 55 45 60 45
503 26 1 2 3 40 35 35 35 40 35
503 27 1 2 3 41 80 75 75 80 75
503 28 1 2 3 42 30 30 25 25 25
503 29 1 2 3 43 55 55 45 70 45
503 31 1 2 3 44 60 60 45 45 45
503 32 1 2 3 45 45 45 40 40 40
503 33 1 2 3 46 45 45 40 55 40
503 34 1 2 3 47 55 50 40 60 40
503 35 1 2 3 48 90 90 70 70 70
503 36 1 2 3 49 30 30 35 45 35
503 41 1 2 3 50 25 25 30 35 30
503 44 1 2 3 51 45 45 40 35 40
503 45 1 2 3 52 35 35 35 45 35
503 47 1 2 3 53 55 55 55 65 55
503 48 1 2 3 54 20 20 15 15 15
503 49 1 2 3 55 30 30 30 30 30
503 51 1 2 3 56 50 50 40 60 40
503 53 1 2 3 57 
503 55 1 2 3 58 40 40 40 40 40
503 56 1 2 3 59 45 45 40 60 40
503 57 1 2 3 60 40 40 35 70 35
503 58 1 2 3 61 40 40 35 40 35
503 59 1 2 3 62 55 55 45 45 45
503 60 1 2 3 63 35 35 35 35 35
503 61 1 2 3 64 15 15 10 25 10
503 62 1 2 3 65 05 05 05 05 05
503 63 1 2 3 66 30 30 20 20 20
503 64 1 2 3 67 50 50 40 65 40
503 66 1 2 3 68 50 50 45 70 45
503 67 1 2 3 69 45 45 40 65 40
503 68 1 2 3 70 30 30 30 35 30
503 69 1 2 3 71 40 40 40 35 40
503 71 1 2 3 72 15 15 15 20 15
503 72 1 2 3 73 60 60 50 55 50
503 73 1 2 3 74 45 45 45 60 45
503 74 1 2 3 75 35 35 35 20 35
503 75 1 2 3 76 55 55 45 55 45
503 77 1 2 3 77 55 55 55 75 55
503 78 1 2 3 78 45 45 40 40 40
503 79 1 2 3 79 30 30 25 65 25
503 80 1 2 3 80 50 50 45 50 45
504 00 1 0 1 00 40 45 40 30 30
504 02 1 1 1 01 55 40 60 60 55
504 04 1 1 1 02 55 55 60 45 40
504 09 1 1 1 03 45 55 40 30 30
504 11 1 1 1 04 55 60 40 55 45
504 22 1 1 1 05 40 40 35 40 35
504 39 1 1 1 06 40 55 45 50 50
504 40 1 1 1 07 45 55 40 55 45
504 46 1 1 1 08 45 40 55 55 40
504 13 1 1 1 09 40 40 35 45 40
504 76 1 1 1 10 35 40 40 50 45
504 43 1 1 1 11 40 50 45 40 40
504 54 1 1 1 12 55 50 50 60 50
504 01 1 1 1 13 35 45 40 40 40
504 07 1 1 1 14 50 60 40 45 45
504 14 1 1 1 15 45 45 40 55 45
504 30 1 1 1 16 35 50 35 30 30
504 37 1 1 1 17 30 40 30 30 35
504 50 1 1 1 18 40 55 40 40 35
504 52 1 1 1 19 30 35 30 35 35
504 65 1 1 1 20 45 50 40 45 40
504 70 1 1 1 21 55 55 45 45 45
504 38 1 1 1 22 55 50 55 55 55
504 42 1 1 1 23 50 55 40 55 50
504 03 1 1 1 24 45 55 35 55 40
504 05 1 1 1 25 35 40 30 35 30
504 06 1 1 1 26 30 30 25 25 25
504 08 1 1 1 27 40 35 35 30 30
504 10 1 1 1 28 55 50 40 55 40
504 12 1 1 1 29 40 45 40 40 35
504 15 1 1 1 30 60 55 55 55 50
504 16 1 1 1 31 35 35 30 30 30
504 17 1 1 1 32 55 50 45 60 40
504 18 1 1 1 33 45 50 55 55 45
504 19 1 1 1 34 40 50 40 45 35
504 20 1 1 1 35 60 55 50 60 55
504 21 1 1 1 36 55 50 45 55 45
504 23 1 1 1 37 55 55 55 55 45
504 24 1 1 1 38 40 40 30 30 30
504 25 1 1 1 39 35 45 30 35 30
504 26 1 1 1 40 50 50 40 55 45
504 27 1 1 1 41 55 50 55 60 50
504 28 1 1 1 42 45 50 40 30 30
504 29 1 1 1 43 60 55 60 60 55
504 31 1 1 1 44 45 50 50 45 50
504 32 1 1 1 45 40 45 40 45 40
504 33 1 1 1 46 30 35 30 30 30
504 34 1 1 1 47 40 50 40 40 40
504 35 1 1 1 48 45 60 40 55 30
504 36 1 1 1 49 40 55 40 45 40
504 41 1 1 1 50 50 50 45 55 35
504 44 1 1 1 51 30 35 30 30 35
504 45 1 1 1 52 45 55 40 55 50
504 47 1 1 1 53 55 55 40 40 35
504 48 1 1 1 54 40 40 30 30 25
504 49 1 1 1 55 45 50 40 55 40
504 51 1 1 1 56 55 50 40 55 40
504 53 1 1 1 57 35 50 35 35 35
504 55 1 1 1 58 55 55 40 45 35
504 56 1 1 1 59 55 55 45 55 45
504 57 1 1 1 60 45 60 40 40 40
504 58 1 1 1 61 40 50 40 45 45
504 59 1 1 1 62 55 50 50 55 45
504 60 1 1 1 63 60 60 45 50 45
504 61 1 1 1 64 40 40 35 35 30
504 62 1 1 1 65 40 40 30 30 30
504 63 1 1 1 66 55 55 40 50 40
504 64 1 1 1 67 45 60 55 50 40
504 66 1 1 1 68 45 55 40 45 30
504 67 1 1 1 69 55 50 45 60 40
504 68 1 1 1 70 55 50 50 60 45
504 69 1 1 1 71 40 40 35 40 35
504 71 1 1 1 72 55 60 35 35 30
504 72 1 1 1 73 60 50 45 55 50
504 73 1 1 1 74 55 50 55 55 55
504 74 1 1 1 75 45 45 35 55 40
504 75 1 1 1 76 55 50 45 55 45
504 77 1 1 1 77 50 50 40 55 40
504 78 1 1 1 78 45 40 35 40 30
504 79 1 1 1 79 55 55 45 60 40
504 80 1 1 1 80 40 35 30 35 30
504 00 1 0 2 00 30 55 25 20 15
504 02 1 1 2 01 40 25 30 35 30
504 04 1 1 2 02 20 20 25 35 30
504 09 1 1 2 03 20 25 15 20 15
504 11 1 1 2 04 60 40 60 65 40
504 22 1 1 2 05 55 60 55 60 50
504 39 1 1 2 06 45 35 30 30 35
504 40 1 1 2 07 55 55 30 30 20
504 46 1 1 2 08 60 55 30 40 20
504 13 1 1 2 09 65 60 55 65 40
504 76 1 1 2 10 30 25 20 25 15
504 43 1 1 2 11 60 55 40 40 30
504 54 1 1 2 12 60 65 40 60 35
504 01 1 1 2 13 60 65 40 35 30
504 07 1 1 2 14 60 65 25 20 20
504 14 1 1 2 15 35 30 15 25 20
504 30 1 1 2 16 30 30 20 20 20
504 37 1 1 2 17 60 30 30 20 20
504 50 1 1 2 18 70 65 60 65 30
504 52 1 1 2 19 20 20 15 20 15
504 65 1 1 2 20 25 30 30 30 20
504 70 1 1 2 21 55 35 30 30 25
504 38 1 1 2 22 70 55 75 80 70
504 42 1 1 2 23 70 70 60 60 40
504 03 1 1 2 24 60 60 55 60 40
504 05 1 1 2 25 25 20 20 20 15
504 06 1 1 2 26 20 15 10 15 15
504 08 1 1 2 27 20 15 15 30 20
504 10 1 1 2 28 70 65 65 60 45
504 12 1 1 2 29 30 60 15 20 20
504 15 1 1 2 30 70 65 75 75 60
504 16 1 1 2 31 20 15 15 15 15
504 17 1 1 2 32 70 60 70 85 40
504 18 1 1 2 33 70 35 55 60 40
504 19 1 1 2 34 60 65 30 30 30
504 20 1 1 2 35 90 65 90 90 70
504 21 1 1 2 36 75 65 80 70 50
504 23 1 1 2 37 75 70 80 70 50
504 24 1 1 2 38 70 60 25 40 20
504 25 1 1 2 39 60 75 75 35 35
504 26 1 1 2 40 80 40 80 70 80
504 27 1 1 2 41 70 70 65 80 60
504 28 1 1 2 42 60 65 30 30 25
504 29 1 1 2 43 80 60 90 90 65
504 31 1 1 2 44 70 30 45 65 30
504 32 1 1 2 45 30 25 20 20 35
504 33 1 1 2 46 60 65 70 65 45
504 34 1 1 2 47 60 60 30 30 30
504 35 1 1 2 48 20 20 15 15 10
504 36 1 1 2 49 60 60 30 35 30
504 41 1 1 2 50 60 55 25 20 20
504 44 1 1 2 51 30 25 15 15 10
504 45 1 1 2 52 35 30 20 20 20
504 47 1 1 2 53 55 40 30 30 25
504 48 1 1 2 54 60 65 25 20 20
504 49 1 1 2 55 35 30 20 20 20
504 51 1 1 2 56 35 20 15 35 20
504 53 1 1 2 57 55 60 45 40 40
504 55 1 1 2 58 65 65 60 40 25
504 56 1 1 2 59 60 40 15 30 15
504 57 1 1 2 60 65 65 40 65 40
504 58 1 1 2 61 30 55 40 40 30
504 59 1 1 2 62 70 60 55 60 45
504 60 1 1 2 63 60 70 40 45 30
504 61 1 1 2 64 25 20 15 15 15
504 62 1 1 2 65 15 15 10 15 10
504 63 1 1 2 66 60 40 25 30 25
504 64 1 1 2 67 65 60 60 45 40
504 66 1 1 2 68 55 65 55 45 45
504 67 1 1 2 69 60 55 65 60 45
504 68 1 1 2 70 65 40 40 45 30
504 69 1 1 2 71 60 70 35 40 20
504 71 1 1 2 72 65 40 20 25 15
504 72 1 1 2 73 60 55 65 60 40
504 73 1 1 2 74 70 60 70 65 50
504 74 1 1 2 75 70 70 65 45 45
504 75 1 1 2 76 70 70 75 60 40
504 77 1 1 2 77 55 40 35 45 25
504 78 1 1 2 78 65 40 60 45 30
504 79 1 1 2 79 65 60 35 60 40
504 80 1 1 2 80 40 30 45 30 20
504 00 1 0 3 00 25 30 25 20 15
504 02 1 1 3 01 65 35 25 30 20
504 04 1 1 3 02 60 50 25 65 25
504 09 1 1 3 03 20 25 15 15 15
504 11 1 1 3 04 65 45 60 65 40
504 22 1 1 3 05 65 55 60 65 55
504 39 1 1 3 06 35 30 30 25 25
504 40 1 1 3 07 65 65 35 60 35
504 46 1 1 3 08 60 40 60 70 55
504 13 1 1 3 09 25 55 25 60 35
504 76 1 1 3 10 25 25 20 20 20
504 43 1 1 3 11 20 25 15 20 15
504 54 1 1 3 12 70 65 65 60 60
504 01 1 1 3 13 40 55 25 55 30
504 07 1 2 3 14 60 55 25 25 20
504 14 1 1 3 15 55 30 25 30 20
504 30 1 1 3 16 30 60 20 35 15
504 37 1 1 3 17 20 25 15 20 15
504 50 1 1 3 18 70 65 65 60 30
504 52 1 1 3 19 30 30 20 25 20
504 65 1 1 3 20 60 55 30 60 30
504 70 1 1 3 21 65 55 25 45 30
504 38 1 1 3 22 70 40 55 65 40
504 42 1 1 3 23 65 65 40 60 55
504 03 1 1 3 24 65 60 25 25 25
504 05 1 1 3 25 35 30 20 35 20
504 06 1 1 3 26 20 15 15 15 10
504 08 1 1 3 27 20 15 10 20 10
504 10 1 1 3 28 65 65 30 65 40
504 12 1 1 3 29 65 55 30 25 25
504 15 1 1 3 30 75 65 75 70 65
504 16 1 1 3 31 20 20 25 25 20
504 17 1 1 3 32 60 30 20 40 20
504 18 1 1 3 33 60 30 65 70 60
504 19 1 1 3 34 25 20 15 15 15
504 20 1 1 3 35 80 65 80 80 65
504 21 1 1 3 36 60 65 35 40 30
504 23 1 1 3 37 55 60 25 30 25
504 24 1 1 3 38 65 65 35 60 55
504 25 1 1 3 39 65 70 35 20 30
504 26 1 1 3 40 20 25 20 15 15
504 27 1 1 3 41 90 80 90 90 90
504 28 1 1 3 42 30 30 20 15 20
504 29 1 1 3 43 25 30 35 40 40
504 31 1 1 3 44 65 40 60 60 65
504 32 1 1 3 45 35 30 25 20 20
504 33 1 1 3 46 40 25 45 55 35
504 34 1 1 3 47 20 20 15 15 15
504 35 1 1 3 48 15 15 10 10 10
504 36 1 1 3 49 30 20 30 30 30
504 41 1 1 3 50 20 25 15 20 15
504 44 1 1 3 51 15 10 15 10 10
504 45 1 1 3 52 25 25 30 15 20
504 47 1 1 3 53 40 30 60 55 45
504 48 1 1 3 54 60 25 30 35 30
504 49 1 1 3 55 20 25 15 15 15
504 51 1 1 3 56 55 40 30 25 20
504 53 1 1 3 57 55 55 40 60 35
504 55 1 1 3 58 70 60 55 60 40
504 56 1 1 3 59 65 55 60 65 30
504 57 1 1 3 60 40 30 35 65 30
504 58 1 1 3 61 55 60 35 40 30
504 59 1 1 3 62 65 55 60 65 45
504 60 1 1 3 63 35 65 15 25 20
504 61 1 1 3 64 25 15 15 15 10
504 62 1 1 3 65 15 10 10 10 10
504 63 1 1 3 66 55 55 25 20 25
504 64 1 1 3 67 60 40 35 25 25
504 66 1 1 3 68 65 65 25 60 35
504 67 1 1 3 69 65 30 45 60 40
504 68 1 1 3 70 65 40 55 60 45
504 69 1 1 3 71 30 30 25 20 20
504 71 1 1 3 72 30 30 20 30 20
504 72 1 1 3 73 60 40 30 25 25
504 73 1 1 3 74 55 40 40 45 35
504 74 1 1 3 75 30 25 20 25 20
504 75 1 1 3 76 60 40 30 60 40
504 77 1 1 3 77 45 30 40 40 30
504 78 1 1 3 78 45 30 25 60 35
504 79 1 1 3 79 60 40 30 65 40
504 80 1 1 3 80 45 30 35 25 20
505 00 1 0 1 00 45 45 45 70 45
505 02 1 2 1 01 45 45 45 50 40
505 04 1 2 1 02 45 45 40 55 40
505 09 1 2 1 03 40 40 40 70 40
505 11 1 2 1 04 55 55 45 65 45
505 22 1 2 1 05 45 45 40 60 40
505 39 1 2 1 06 55 55 55 60 45
505 40 1 2 1 07 40 40 40 40 40
505 46 1 2 1 08 40 40 40 40 40
505 13 1 2 1 09 45 45 40 45 40
505 76 1 2 1 10 55 55 45 65 45
505 43 1 2 1 11 45 45 40 35 40
505 54 1 2 1 12 65 65 60 70 60
505 01 1 2 1 13 55 55 45 65 50
505 07 1 2 1 14 45 45 40 65 40
505 14 1 2 1 15 45 45 40 65 45
505 30 1 2 1 16 40 40 40 65 40
505 37 1 2 1 17 45 45 55 60 45
505 50 1 2 1 18 45 45 45 55 45
505 52 1 2 1 19 35 35 30 35 35
505 65 1 2 1 20 55 60 55 60 45
505 70 1 2 1 21 45 45 40 40 40
505 38 1 2 1 22 45 45 40 60 45
505 42 1 2 1 23 40 40 40 40 40
505 03 1 2 1 24 45 45 50 65 45
505 05 1 2 1 25 55 55 55 65 50
505 06 1 2 1 26 55 55 45 65 45
505 08 1 2 1 27 45 45 45 65 40
505 10 1 2 1 28 55 55 55 65 50
505 12 1 2 1 29 45 45 40 55 45
505 15 1 2 1 30 60 60 50 60 55
505 16 1 2 1 31 60 60 55 65 45
505 17 1 2 1 32 45 45 45 60 40
505 18 1 2 1 33 40 40 40 50 40
505 19 1 2 1 34 45 45 40 60 40
505 20 1 2 1 35 45 45 40 65 45
505 21 1 2 1 36 55 55 45 60 45
505 23 1 2 1 37 55 55 45 60 45
505 24 1 2 1 38 60 60 60 50 60
505 25 1 2 1 39 45 40 35 40 40
505 26 1 2 1 40 45 45 45 55 40
505 27 1 2 1 41 60 60 60 60 60
505 28 1 2 1 42 45 45 40 40 40
505 29 1 2 1 43 45 45 40 55 40
505 31 1 2 1 44 60 60 45 60 45
505 32 1 2 1 45 45 45 45 60 40
505 33 1 2 1 46 45 45 40 65 40
505 34 1 2 1 47 45 45 40 40 40
505 35 1 2 1 48 45 45 45 55 40
505 36 1 2 1 49 40 40 40 40 40
505 41 1 2 1 50 60 60 45 65 45
505 44 1 2 1 51 45 45 40 45 40
505 45 1 2 1 52 45 45 45 60 45
505 47 1 2 1 53 55 55 55 65 50
505 48 1 2 1 54 60 60 50 50 55
505 49 1 2 1 55 45 45 45 60 40
505 51 1 2 1 56 45 45 45 60 50
505 53 1 2 1 57 45 45 55 65 50
505 55 1 2 1 58 60 60 50 60 50
505 56 1 2 1 59 45 45 45 60 45
505 57 1 2 1 60 45 45 45 60 40
505 58 1 2 1 61 40 40 40 40 40
505 59 1 2 1 62 55 55 55 65 50
505 60 1 2 1 63 45 45 45 60 40
505 61 1 2 1 64 55 55 55 60 45
505 62 1 2 1 65 55 55 45 55 40
505 63 1 2 1 66 55 55 45 60 45
505 64 1 2 1 67 40 40 40 40 40
505 66 1 2 1 68 45 45 45 55 45
505 67 1 2 1 69 60 60 50 60 45
505 68 1 2 1 70 40 40 40 45 40
505 69 1 2 1 71 40 40 40 40 40
505 71 1 2 1 72 45 45 40 60 45
505 72 1 2 1 73 45 45 45 60 40
505 73 1 2 1 74 45 45 45 55 45
505 74 1 2 1 75 40 40 40 40 40
505 75 1 2 1 76 55 55 55 60 45
505 77 1 2 1 77 45 45 40 60 45
505 78 1 2 1 78 45 45 40 60 40
505 79 1 2 1 79 60 60 50 70 50
505 80 1 2 1 80 60 60 50 55 55
505 00 1 0 2 00 60 60 40 75 40
505 02 1 2 2 01 65 60 60 70 55
505 04 1 2 2 02 45 45 40 40 40
505 09 1 2 2 03 45 45 40 40 40
505 11 1 2 2 04 60 60 55 65 55
505 22 1 2 2 05 40 40 35 35 40
505 39 1 2 2 06 70 70 65 75 60
505 40 1 2 2 07 55 45 35 40 40
505 46 1 2 2 08 65 60 60 70 55
505 13 1 2 2 09 60 65 60 65 60
505 76 1 2 2 10 45 45 40 60 40
505 43 1 2 2 11 45 40 40 40 40
505 54 1 2 2 12 
505 01 1 2 2 13 65 65 70 70 60
505 07 1 2 2 14 40 40 30 40 30
505 14 1 2 2 15 45 45 40 40 55
505 30 1 2 2 16 75 60 75 75 70
505 37 1 2 2 17 55 55 45 60 45
505 50 1 2 2 18 60 45 45 40 40
505 52 1 2 2 19 30 30 30 40 20
505 65 1 2 2 20 35 35 30 30 30
505 70 1 2 2 21 45 40 40 35 40
505 38 1 2 2 22 45 45 40 60 45
505 42 1 2 2 23 90 90 60 65 60
505 03 1 2 2 24 
505 05 1 2 2 25 
505 06 1 2 2 26 55 60 40 45 40
505 08 1 2 2 27 40 40 30 40 30
505 10 1 2 2 28 40 40 40 45 30
505 12 1 2 2 29 30 30 30 40 30
505 15 1 2 2 30 65 65 55 60 60
505 16 1 2 2 31 45 45 40 60 35
505 17 1 2 2 32 55 55 45 60 45
505 18 1 2 2 33 40 40 35 45 40
505 19 1 2 2 34 55 55 40 55 45
505 20 1 2 2 35 35 35 20 40 30
505 21 1 2 2 36 65 65 70 60 60
505 23 1 2 2 37 55 55 30 30 30
505 24 1 2 2 38 30 30 40 60 40
505 25 1 2 2 39 40 40 35 60 40
505 26 1 2 2 40 35 35 30 30 25
505 27 1 2 2 41 45 45 40 60 45
505 28 1 2 2 42 60 60 45 60 45
505 29 1 2 2 43 40 40 35 55 40
505 31 1 2 2 44 55 60 40 75 45
505 32 1 2 2 45 45 45 40 60 40
505 33 1 2 2 46 40 40 35 55 40
505 34 1 2 2 47 40 40 30 55 45
505 35 1 2 2 48 70 70 60 55 60
505 36 1 2 2 49 20 20 20 30 30
505 41 1 2 2 50 55 55 45 70 45
505 44 1 2 2 51 55 55 55 70 55
505 45 1 2 2 52 55 55 40 55 40
505 47 1 2 2 53 
505 48 1 2 2 54 80 80 60 40 40
505 49 1 2 2 55 60 60 45 60 45
505 51 1 2 2 56 55 55 45 60 45
505 53 1 2 2 57 60 60 45 60 55
505 55 1 2 2 58 65 65 55 60 45
505 56 1 2 2 59 30 30 40 40 40
505 57 1 2 2 60 55 55 45 40 40
505 58 1 2 2 61 55 55 40 30 40
505 59 1 2 2 62 
505 60 1 2 2 63 30 60 35 35 35
505 61 1 2 2 64 40 40 35 60 45
505 62 1 2 2 65 60 60 55 65 55
505 63 1 2 2 66 40 40 40 60 40
505 64 1 2 2 67 20 20 20 40 40
505 66 1 2 2 68 60 60 45 70 55
505 67 1 2 2 69 45 45 55 70 55
505 68 1 2 2 70 55 55 45 60 40
505 69 1 2 2 71 30 30 25 40 30
505 71 1 2 2 72 65 65 60 90 60
505 72 1 2 2 73 30 30 35 35 35
505 73 1 2 2 74 45 45 40 60 45
505 74 1 2 2 75 70 70 55 65 55
505 75 1 2 2 76 45 45 40 55 35
505 77 1 2 2 77 40 40 35 45 40
505 78 1 2 2 78 60 60 45 65 45
505 79 1 2 2 79 60 60 45 70 45
505 80 1 2 2 80 90 90 40 40 40
505 00 1 0 3 00 65 65 40 80 40
505 02 1 2 3 01 40 40 35 60 40
505 04 1 2 3 02 30 40 40 55 40
505 09 1 2 3 03 70 70 80 90 85
505 11 1 2 3 04 75 75 80 85 60
505 22 1 2 3 05 30 30 20 30 30
505 39 1 2 3 06 45 45 30 40 30
505 40 1 2 3 07 55 55 45 60 50
505 46 1 2 3 08 35 35 30 30 30
505 13 1 2 3 09 55 55 40 40 40
505 76 1 2 3 10 55 55 35 55 40
505 43 1 2 3 11 20 20 15 15 15
505 54 1 2 3 12 60 60 55 65 55
505 01 1 2 3 13 60 60 60 70 55
505 07 1 2 3 14 60 60 65 65 55
505 14 1 2 3 15 60 60 60 80 55
505 30 1 2 3 16 80 80 85 90 80
505 37 1 2 3 17 40 40 30 30 30
505 50 1 2 3 18 45 45 40 55 45
505 52 1 2 3 19 30 30 40 40 35
505 65 1 2 3 20 
505 70 1 2 3 21 55 55 45 65 45
505 38 1 2 3 22 65 65 60 75 55
505 42 1 2 3 23 60 60 40 60 50
505 03 1 2 3 24 65 65 60 75 60
505 05 1 2 3 25 45 45 40 40 40
505 06 1 2 3 26 55 55 45 60 45
505 08 1 2 3 27 40 40 30 35 30
505 10 1 2 3 28 45 45 40 60 50
505 12 1 2 3 29 45 45 35 45 45
505 15 1 2 3 30 75 75 85 80 90
505 16 1 2 3 31 40 40 35 30 35
505 17 1 2 3 32 60 60 50 70 50
505 18 1 2 3 33 30 30 30 30 35
505 19 1 2 3 34 55 55 45 55 45
505 20 1 2 3 35 70 70 60 70 60
505 21 1 2 3 36 60 60 65 75 60
505 23 1 2 3 37 55 55 40 80 40
505 24 1 2 3 38 40 40 30 50 40
505 25 1 2 3 39 55 55 60 75 55
505 26 1 2 3 40 55 55 40 40 40
505 27 1 2 3 41 80 80 90 90 85
505 28 1 2 3 42 45 45 40 40 40
505 29 1 2 3 43 40 40 35 35 35
505 31 1 2 3 44 45 45 40 60 40
505 32 1 2 3 45 40 40 40 50 40
505 33 1 2 3 46 60 60 50 60 50
505 34 1 2 3 47 
505 35 1 2 3 48 
505 36 1 2 3 49 35 35 20 40 30
505 41 1 2 3 50 55 55 40 65 50
505 44 1 2 3 51 40 40 30 45 40
505 45 1 2 3 52 45 45 35 35 35
505 47 1 2 3 53 60 60 60 70 55
505 48 1 2 3 54 40 40 30 30 30
505 49 1 2 3 55 30 30 20 25 25
505 51 1 2 3 56 45 45 40 60 50
505 53 1 2 3 57 40 40 30 30 25
505 55 1 2 3 58 45 45 40 40 40
505 56 1 2 3 59 55 55 40 60 55
505 57 1 2 3 60 60 60 60 80 60
505 58 1 2 3 61 55 55 40 55 40
505 59 1 2 3 62 45 45 45 50 50
505 60 1 2 3 63 55 55 40 60 45
505 61 1 2 3 64 40 40 20 20 20
505 62 1 2 3 65 30 30 20 20 20
505 63 1 2 3 66 
505 64 1 2 3 67 40 40 30 30 30
505 66 1 2 3 68 60 60 55 75 55
505 67 1 2 3 69 55 55 55 80 55
505 68 1 2 3 70 45 45 40 60 45
505 69 1 2 3 71 45 45 40 45 40
505 71 1 2 3 72 45 45 30 35 35
505 72 1 2 3 73 55 55 40 45 40
505 73 1 2 3 74 60 60 50 80 50
505 74 1 2 3 75 35 35 30 25 30
505 75 1 2 3 76 55 55 45 70 45
505 77 1 2 3 77 45 45 35 35 35
505 78 1 2 3 78 60 60 60 75 60
505 79 1 2 3 79 60 60 60 80 60
505 80 1 2 3 80 40 40 40 60 40
506 00 1 0 1 00 40 40 35 60 45
506 02 1 1 1 01 35 35 30 40 35
506 04 1 1 1 02 30 45 40 40 30
506 09 1 1 1 03 55 45 40 40 35
506 11 1 1 1 04 55 45 55 65 55
506 22 1 1 1 05 45 60 40 60 55
506 39 1 1 1 06 65 60 65 70 60
506 40 1 1 1 07 60 45 55 65 45
506 46 1 1 1 08 40 60 45 65 55
506 13 1 1 1 09 55 45 55 60 55
506 76 1 1 1 10 40 40 35 35 40
506 43 1 1 1 11 55 60 45 60 55
506 54 1 1 1 12 60 60 55 60 45
506 01 1 1 1 13 40 55 45 55 50
506 07 1 1 1 14 45 55 45 60 45
506 14 1 1 1 15 40 40 40 35 30
506 30 1 1 1 16 45 40 40 40 35
506 37 1 1 1 17 55 60 45 55 55
506 50 1 1 1 18 55 60 40 55 40
506 52 1 1 1 19 35 55 35 40 35
506 65 1 1 1 20 45 55 40 55 40
506 70 1 1 1 21 45 40 40 55 45
506 38 1 1 1 22 60 55 55 60 55
506 42 1 1 1 23 55 60 55 65 55
506 03 1 1 1 24 55 50 55 60 55
506 05 1 1 1 25 45 45 40 55 40
506 06 1 1 1 26 40 40 35 35 40
506 08 1 1 1 27 55 55 45 40 45
506 10 1 1 1 28 60 55 55 70 55
506 12 1 1 1 29 55 55 60 55 50
506 15 1 1 1 30 55 55 45 60 45
506 16 1 1 1 31 40 60 45 40 35
506 17 1 1 1 32 65 60 65 70 75
506 18 1 1 1 33 60 55 55 65 55
506 19 1 1 1 34 45 55 40 40 35
506 20 1 1 1 35 60 55 55 65 55
506 21 1 1 1 36 55 50 55 60 50
506 23 1 1 1 37 60 55 55 65 55
506 24 1 1 1 38 40 45 40 35 35
506 25 1 1 1 39 45 40 40 40 35
506 26 1 1 1 40 55 60 55 65 55
506 27 1 1 1 41 45 45 40 50 45
506 28 1 1 1 42 40 60 55 45 55
506 29 1 1 1 43 60 55 55 60 60
506 31 1 1 1 44 55 60 55 60 45
506 32 1 1 1 45 40 55 40 45 35
506 33 1 1 1 46 40 55 45 40 35
506 34 1 1 1 47 60 55 60 65 45
506 35 1 1 1 48 40 60 55 60 40
506 36 1 1 1 49 60 55 40 55 55
506 41 1 1 1 50 60 55 45 60 35
506 44 1 1 1 51 40 55 40 50 35
506 45 1 1 1 52 40 55 40 35 35
506 47 1 1 1 53 40 40 40 35 45
506 48 1 1 1 54 40 55 40 35 30
506 49 1 1 1 55 45 55 55 60 55
506 51 1 1 1 56 60 55 55 65 55
506 53 1 1 1 57 55 55 45 60 55
506 55 1 1 1 58 60 55 60 55 50
506 56 1 1 1 59 55 55 45 45 40
506 57 1 1 1 60 60 55 55 60 55
506 58 1 1 1 61 60 55 55 60 55
506 59 1 1 1 62 65 55 60 65 55
506 60 1 1 1 63 60 55 65 70 65
506 61 1 1 1 64 40 55 45 40 35
506 62 1 1 1 65 40 45 40 35 30
506 63 1 1 1 66 55 55 45 40 40
506 64 1 1 1 67 45 55 40 40 35
506 66 1 1 1 68 60 55 55 65 55
506 67 1 1 1 69 45 55 40 60 35
506 68 1 1 1 70 55 55 40 60 55
506 69 1 1 1 71 60 55 60 60 40
506 71 1 1 1 72 60 55 55 60 45
506 72 1 1 1 73 60 60 55 65 55
506 73 1 1 1 74 60 55 60 60 55
506 74 1 1 1 75 60 45 55 40 45
506 75 1 1 1 76 60 55 60 65 55
506 77 1 1 1 77 55 55 45 60 45
506 78 1 1 1 78 55 40 40 55 40
506 79 1 1 1 79 60 55 60 65 50
506 80 1 1 1 80 55 45 40 55 40
506 00 1 0 2 00 55 40 45 65 60
506 02 1 1 2 01 55 60 40 35 40
506 04 1 1 2 02 40 55 35 35 30
506 09 1 1 2 03 45 55 35 40 30
506 11 1 1 2 04 60 55 65 70 65
506 22 1 1 2 05 55 60 40 45 40
506 39 1 1 2 06 55 60 50 55 55
506 40 1 1 2 07 35 40 25 30 20
506 46 1 1 2 08 40 35 30 55 50
506 13 1 1 2 09 65 60 60 50 55
506 76 1 1 2 10 40 55 35 40 40
506 43 1 1 2 11 65 60 65 55 60
506 54 1 1 2 12 60 50 55 65 65
506 01 1 1 2 13 60 55 55 65 60
506 07 1 1 2 14 65 60 60 65 55
506 14 1 1 2 15 40 50 35 60 55
506 30 1 1 2 16 30 35 20 25 15
506 37 1 1 2 17 35 55 45 55 40
506 50 1 1 2 18 55 60 50 65 50
506 52 1 1 2 19 35 65 25 20 20
506 65 1 1 2 20 35 55 30 35 25
506 70 1 1 2 21 55 65 40 35 35
506 38 1 1 2 22 65 55 60 65 70
506 42 1 1 2 23 70 55 60 65 65
506 03 1 1 2 24 60 40 30 35 55
506 05 1 1 2 25 35 70 30 25 20
506 06 1 1 2 26 55 65 40 30 25
506 08 1 1 2 27 35 45 35 55 30
506 10 1 1 2 28 60 55 65 70 60
506 12 1 1 2 29 35 55 60 40 35
506 15 1 1 2 30 55 50 40 60 55
506 16 1 1 2 31 40 55 30 25 20
506 17 1 1 2 32 90 75 80 75 80
506 18 1 1 2 33 60 55 40 70 55
506 19 1 1 2 34 35 65 40 45 35
506 20 1 1 2 35 60 55 65 70 60
506 21 1 1 2 36 60 55 50 60 55
506 23 1 1 2 37 60 55 40 60 55
506 24 1 1 2 38 40 35 30 35 30
506 25 1 1 2 39 55 40 35 60 45
506 26 1 1 2 40 60 40 55 65 65
506 27 1 1 2 41 60 65 55 50 55
506 28 1 1 2 42 55 60 60 65 60
506 29 1 1 2 43 60 55 65 70 60
506 31 1 1 2 44 45 55 50 55 60
506 32 1 1 2 45 40 55 35 40 35
506 33 1 1 2 46 55 45 45 55 50
506 34 1 1 2 47 65 60 45 60 65
506 35 1 1 2 48 40 55 40 35 30
506 36 1 1 2 49 60 40 55 60 65
506 41 1 1 2 50 60 55 40 45 35
506 44 1 1 2 51 35 55 25 30 25
506 45 1 1 2 52 40 65 40 35 35
506 47 1 1 2 53 55 50 45 40 40
506 48 1 1 2 54 60 50 55 65 45
506 49 1 1 2 55 65 60 55 60 60
506 51 1 1 2 56 40 55 35 30 35
506 53 1 1 2 57 60 45 55 60 60
506 55 1 1 2 58 60 65 45 55 50
506 56 1 1 2 59 55 70 45 50 40
506 57 1 1 2 60 40 55 35 60 55
506 58 1 1 2 61 55 40 45 55 50
506 59 1 1 2 62 65 55 60 65 55
506 60 1 1 2 63 75 45 60 65 60
506 61 1 1 2 64 60 65 35 30 30
506 62 1 1 2 65 40 65 35 30 25
506 63 1 1 2 66 40 55 30 30 25
506 64 1 1 2 67 40 40 30 25 20
506 66 1 1 2 68 55 40 35 35 30
506 67 1 1 2 69 65 60 60 65 55
506 68 1 1 2 70 55 55 45 50 55
506 69 1 1 2 71 60 55 55 60 50
506 71 1 1 2 72 40 60 40 60 40
506 72 1 1 2 73 60 45 55 60 55
506 73 1 1 2 74 70 45 55 60 50
506 74 1 1 2 75 55 60 55 70 65
506 75 1 1 2 76 55 65 45 40 35
506 77 1 1 2 77 45 55 40 55 50
506 78 1 1 2 78 55 45 40 55 40
506 79 1 1 2 79 70 65 55 65 60
506 80 1 1 2 80 60 55 45 40 45
506 00 1 0 3 00 35 30 40 60 55
506 02 1 1 3 01 35 40 30 45 30
506 04 1 1 3 02 55 40 35 55 50
506 09 1 1 3 03 30 35 25 30 35
506 11 1 1 3 04 55 55 40 65 60
506 22 1 1 3 05 40 65 55 45 40
506 39 1 1 3 06 55 50 40 55 45
506 40 1 1 3 07 60 55 40 65 55
506 46 1 1 3 08 40 55 45 40 30
506 13 1 1 3 09 45 40 45 50 55
506 76 1 1 3 10 35 65 45 40 30
506 43 1 1 3 11 35 55 35 40 30
506 54 1 1 3 12 55 60 40 35 40
506 01 1 1 3 13 60 65 40 60 55
506 07 1 1 3 14 55 45 40 55 50
506 14 1 1 3 15 40 55 35 45 40
506 30 1 1 3 16 40 55 45 40 35
506 37 1 1 3 17 55 60 55 65 55
506 50 1 1 3 18 60 65 55 60 55
506 52 1 1 3 19 40 60 30 25 20
506 65 1 1 3 20 55 65 40 50 40
506 70 1 1 3 21 40 55 35 40 40
506 38 1 1 3 22 60 45 55 65 60
506 42 1 1 3 23 40 60 35 55 50
506 03 1 1 3 24 40 45 35 40 35
506 05 1 1 3 25 55 50 40 45 35
506 06 1 1 3 26 40 65 35 40 35
506 08 1 1 3 27 40 35 30 35 35
506 10 1 1 3 28 45 40 40 55 50
506 12 1 1 3 29 55 55 40 60 55
506 15 1 1 3 30 65 55 60 70 60
506 16 1 1 3 31 35 55 35 40 35
506 17 1 1 3 32 60 40 30 60 50
506 18 1 1 3 33 60 45 55 65 55
506 19 1 1 3 34 
506 20 1 1 3 35 60 55 50 70 65
506 21 1 1 3 36 55 45 40 60 55
506 23 1 1 3 37 55 65 60 65 55
506 24 1 1 3 38 40 45 35 25 25
506 25 1 1 3 39 55 45 35 55 45
506 26 1 1 3 40 40 65 35 40 35
506 27 1 1 3 41 65 60 55 60 60
506 28 1 1 3 42 45 40 40 35 40
506 29 1 1 3 43 55 60 45 55 50
506 31 1 1 3 44 60 55 40 45 40
506 32 1 1 3 45 40 55 35 40 35
506 33 1 1 3 46 45 55 40 45 40
506 34 1 1 3 47 45 40 40 55 50
506 35 1 1 3 48 40 60 55 35 30
506 36 1 1 3 49 65 55 55 60 55
506 41 1 1 3 50 40 55 35 35 30
506 44 1 1 3 51 55 65 45 40 35
506 45 1 1 3 52 55 60 55 45 40
506 47 1 1 3 53 40 40 35 45 40
506 48 1 1 3 54 35 55 45 40 30
506 49 1 1 3 55 35 60 40 35 30
506 51 1 1 3 56 65 55 55 60 55
506 53 1 1 3 57 45 55 45 55 50
506 55 1 1 3 58 55 60 45 55 50
506 56 1 1 3 59 40 35 40 60 55
506 57 1 1 3 60 45 65 35 40 35
506 58 1 1 3 61 55 50 55 60 60
506 59 1 1 3 62 65 55 55 60 55
506 60 1 1 3 63 60 55 60 55 50
506 61 1 1 3 64 40 35 30 30 20
506 62 1 1 3 65 35 40 30 45 40
506 63 1 1 3 66 30 45 40 35 35
506 64 1 1 3 67 35 60 35 40 35
506 66 1 1 3 68 55 60 55 70 50
506 67 1 1 3 69 45 40 40 55 50
506 68 1 1 3 70 55 50 40 60 55
506 69 1 1 3 71 60 65 55 60 55
506 71 1 1 3 72 40 65 35 35 40
506 72 1 1 3 73 55 45 40 60 55
506 73 1 1 3 74 65 55 55 60 65
506 74 1 1 3 75 60 55 40 45 35
506 75 1 1 3 76 55 45 40 55 45
506 77 1 1 3 77 40 65 50 55 55
506 78 1 1 3 78 55 45 40 55 45
506 79 1 1 3 79 60 65 55 60 55
506 80 1 1 3 80 40 55 35 40 35
507 00 0 0 1 00 65 30 50 55 35
507 02 0 2 1 01 55 40 50 45 35
507 04 0 2 1 02 40 35 35 55 35
507 09 0 2 1 03 40 45 55 60 50
507 11 0 2 1 04 55 45 40 50 40
507 22 0 2 1 05 35 35 35 35 30
507 39 0 2 1 06 60 45 55 60 40
507 40 0 2 1 07 35 30 35 35 35
507 46 0 2 1 08 35 35 35 40 35
507 13 0 2 1 09 45 50 45 55 45
507 76 0 2 1 10 30 30 30 35 30
507 43 0 2 1 11 35 35 35 35 35
507 54 0 2 1 12 35 35 40 45 35
507 01 0 2 1 13 40 40 35 50 35
507 07 0 2 1 14 35 35 35 40 35
507 14 0 2 1 15 35 35 35 45 35
507 30 0 2 1 16 35 35 35 40 35
507 37 0 2 1 17 50 50 45 45 55
507 50 0 2 1 18 40 40 35 35 35
507 52 0 2 1 19 30 35 30 35 30
507 65 0 2 1 20 50 45 45 35 35
507 70 0 2 1 21 40 35 35 40 30
507 38 0 2 1 22 50 50 50 50 50
507 42 0 2 1 23 45 40 45 55 40
507 03 0 2 1 24 55 45 55 50 45
507 05 0 2 1 25 50 45 45 50 50
507 06 0 2 1 26 50 45 35 45 40
507 08 0 2 1 27 30 30 30 30 30
507 10 0 2 1 28 60 60 45 55 40
507 12 0 2 1 29 35 35 35 35 35
507 15 0 2 1 30 60 50 45 55 45
507 16 0 2 1 31 55 50 55 50 50
507 17 0 2 1 32 45 40 45 55 45
507 18 0 2 1 33 35 35 35 45 35
507 19 0 2 1 34 50 40 30 45 35
507 20 0 2 1 35 45 40 45 50 45
507 21 0 2 1 36 45 35 35 50 35
507 23 0 2 1 37 40 45 35 40 45
507 24 0 2 1 38 45 50 40 55 50
507 25 0 2 1 39 35 35 35 40 35
507 26 0 2 1 40 45 35 40 45 35
507 27 0 2 1 41 50 55 50 50 50
507 28 0 2 1 42 45 35 25 30 30
507 29 0 2 1 43 55 45 50 55 50
507 31 0 2 1 44 45 35 30 50 45
507 32 0 2 1 45 40 35 40 50 35
507 33 0 2 1 46 50 45 50 35 35
507 34 0 2 1 47 40 35 40 45 40
507 35 0 2 1 48 50 45 45 50 40
507 36 0 2 1 49 50 40 45 50 35
507 41 0 2 1 50 55 45 50 55 50
507 44 0 2 1 51 40 35 35 45 35
507 45 0 2 1 52 40 35 30 40 35
507 47 0 2 1 53 50 35 45 45 40
507 48 0 2 1 54 55 45 50 55 45
507 49 0 2 1 55 35 35 35 45 35
507 51 0 2 1 56 50 40 35 50 40
507 53 0 2 1 57 45 40 40 50 40
507 55 0 2 1 58 50 40 35 50 35
507 56 0 2 1 59 35 35 35 40 40
507 57 0 2 1 60 55 45 35 50 40
507 58 0 2 1 61 50 40 35 45 40
507 59 0 2 1 62 45 35 40 45 35
507 60 0 2 1 63 45 40 35 45 45
507 61 0 2 1 64 40 35 40 50 35
507 62 0 2 1 65 35 35 40 50 35
507 63 0 2 1 66 35 35 40 35 40
507 64 0 2 1 67 50 50 45 45 45
507 66 0 2 1 68 55 40 35 50 40
507 67 0 2 1 69 60 45 45 55 45
507 68 0 2 1 70 35 35 35 35 35
507 69 0 2 1 71 40 35 35 40 35
507 71 0 2 1 72 40 35 40 35 35
507 72 0 2 1 73 45 40 45 45 35
507 73 0 2 1 74 35 35 35 40 35
507 74 0 2 1 75 35 35 30 40 30
507 75 0 2 1 76 40 35 35 40 35
507 77 0 2 1 77 45 40 40 45 35
507 78 0 2 1 78 35 30 30 35 35
507 79 0 2 1 79 50 40 40 50 40
507 80 0 2 1 80 50 45 35 50 40
507 00 0 0 2 00 40 35 40 35 35
507 02 0 2 2 01 50 55 40 50 50
507 04 0 2 2 02 35 35 35 35 35
507 09 0 2 2 03 35 35 45 55 35
507 11 0 2 2 04 55 55 55 60 50
507 22 0 2 2 05 40 35 35 40 35
507 39 0 2 2 06 40 35 35 40 35
507 40 0 2 2 07 35 35 40 35 35
507 46 0 2 2 08 35 35 40 45 35
507 13 0 2 2 09 50 45 40 45 40
507 76 0 2 2 10 35 30 35 35 35
507 43 0 2 2 11 35 35 30 40 35
507 54 0 2 2 12 50 40 35 40 35
507 01 0 2 2 13 35 35 35 40 35
507 07 0 2 2 14 35 35 30 40 35
507 14 0 2 2 15 35 35 40 45 35
507 30 0 2 2 16 30 30 30 30 30
507 37 0 2 2 17 35 40 35 40 35
507 50 0 2 2 18 40 40 35 40 40
507 52 0 2 2 19 35 35 35 40 40
507 65 0 2 2 20 50 45 40 40 35
507 70 0 2 2 21 40 40 45 40 40
507 38 0 2 2 22 50 45 50 55 50
507 42 0 2 2 23 40 40 40 40 45
507 03 0 2 2 24 60 45 35 45 50
507 05 0 2 2 25 35 35 40 35 35
507 06 0 2 2 26 40 35 30 40 35
507 08 0 2 2 27 35 35 35 35 35
507 10 0 2 2 28 40 45 40 40 35
507 12 0 2 2 29 40 35 40 45 40
507 15 0 2 2 30 55 40 45 40 45
507 16 0 2 2 31 40 40 40 45 35
507 17 0 2 2 32 55 40 35 45 50
507 18 0 2 2 33 45 40 35 55 45
507 19 0 2 2 34 40 35 35 45 35
507 20 0 2 2 35 50 35 45 45 45
507 21 0 2 2 36 50 35 40 50 35
507 23 0 2 2 37 45 40 45 50 50
507 24 0 2 2 38 35 35 30 45 35
507 25 0 2 2 39 45 40 45 55 50
507 26 0 2 2 40 35 35 35 40 35
507 27 0 2 2 41 55 45 50 60 45
507 28 0 2 2 42 35 35 35 40 35
507 29 0 2 2 43 45 45 40 55 35
507 31 0 2 2 44 35 35 35 45 35
507 32 0 2 2 45 35 35 40 40 35
507 33 0 2 2 46 55 45 40 45 45
507 34 0 2 2 47 50 45 45 55 45
507 35 0 2 2 48 55 35 50 45 45
507 36 0 2 2 49 40 40 35 40 35
507 41 0 2 2 50 35 40 35 45 35
507 44 0 2 2 51 40 35 45 50 45
507 45 0 2 2 52 35 35 40 45 35
507 47 0 2 2 53 35 35 35 50 45
507 48 0 2 2 54 40 35 45 45 40
507 49 0 2 2 55 35 35 30 40 35
507 51 0 2 2 56 40 40 55 60 45
507 53 0 2 2 57 35 40 35 45 35
507 55 0 2 2 58 40 35 45 45 35
507 56 0 2 2 59 45 35 40 50 35
507 57 0 2 2 60 40 50 40 55 45
507 58 0 2 2 61 40 45 45 55 45
507 59 0 2 2 62 55 55 45 60 45
507 60 0 2 2 63 50 40 45 55 40
507 61 0 2 2 64 55 55 45 55 35
507 62 0 2 2 65 55 45 55 60 45
507 63 0 2 2 66 35 45 50 50 45
507 64 0 2 2 67 40 40 40 50 45
507 66 0 2 2 68 35 35 35 45 30
507 67 0 2 2 69 50 55 50 55 50
507 68 0 2 2 70 35 45 35 45 40
507 69 0 2 2 71 45 40 40 55 40
507 71 0 2 2 72 35 35 40 40 35
507 72 0 2 2 73 35 35 45 55 40
507 73 0 2 2 74 35 40 40 45 35
507 74 0 2 2 75 60 45 50 55 50
507 75 0 2 2 76 50 45 45 55 35
507 77 0 2 2 77 40 45 35 55 35
507 78 0 2 2 78 40 35 40 50 35
507 79 0 2 2 79 40 45 45 50 35
507 80 0 2 2 80 40 35 40 45 35
507 00 0 0 3 00 40 45 45 50 40
507 02 0 2 3 01 50 40 45 50 45
507 04 0 2 3 02 40 35 30 40 30
507 09 0 2 3 03 50 45 55 65 60
507 11 0 2 3 04 55 45 55 60 50
507 22 0 2 3 05 35 35 35 30 25
507 39 0 2 3 06 30 35 35 30 30
507 40 0 2 3 07 25 30 25 30 20
507 46 0 2 3 08 30 25 25 25 15
507 13 0 2 3 09 45 40 40 55 45
507 76 0 2 3 10 35 30 35 30 25
507 43 0 2 3 11 20 20 15 20 15
507 54 0 2 3 12 45 45 45 55 45
507 01 0 2 3 13 40 45 40 45 35
507 07 0 2 3 14 35 35 40 40 35
507 14 0 2 3 15 45 45 50 50 40
507 30 0 2 3 16 35 35 30 35 25
507 37 0 2 3 17 30 30 35 25 25
507 50 0 2 3 18 45 45 45 50 45
507 52 0 2 3 19 35 35 30 40 35
507 65 0 2 3 20 30 30 30 35 30
507 70 0 2 3 21 45 50 50 45 45
507 38 0 2 3 22 50 50 50 55 45
507 42 0 2 3 23 35 40 35 45 35
507 03 0 2 3 24 45 45 45 50 45
507 05 0 2 3 25 45 45 50 50 45
507 06 0 2 3 26 40 35 40 40 40
507 08 0 2 3 27 40 35 40 40 35
507 10 0 2 3 28 35 40 35 35 35
507 12 0 2 3 29 
507 15 0 2 3 30 55 50 50 55 50
507 16 0 2 3 31 35 40 35 40 40
507 17 0 2 3 32 45 50 50 50 45
507 18 0 2 3 33 40 35 35 35 30
507 19 0 2 3 34 35 40 35 35 30
507 20 0 2 3 35 45 40 45 45 40
507 21 0 2 3 36 40 35 35 30 35
507 23 0 2 3 37 35 35 30 40 35
507 24 0 2 3 38 
507 25 0 2 3 39 45 40 40 40 40
507 26 0 2 3 40 35 35 30 40 35
507 27 0 2 3 41 70 60 55 55 55
507 28 0 2 3 42 45 40 45 35 35
507 29 0 2 3 43 40 35 40 30 40
507 31 0 2 3 44 45 40 35 40 35
507 32 0 2 3 45 35 30 35 30 25
507 33 0 2 3 46 30 35 35 30 30
507 34 0 2 3 47 45 40 35 40 40
507 35 0 2 3 48 55 45 35 40 35
507 36 0 2 3 49 35 40 35 40 35
507 41 0 2 3 50 45 40 45 40 35
507 44 0 2 3 51 40 35 40 40 35
507 45 0 2 3 52 40 35 40 35 35
507 47 0 2 3 53 40 45 40 45 40
507 48 0 2 3 54 35 40 40 35 40
507 49 0 2 3 55 35 35 30 35 35
507 51 0 2 3 56 45 40 45 40 35
507 53 0 2 3 57 35 40 40 45 40
507 55 0 2 3 58 35 40 35 30 30
507 56 0 2 3 59 30 35 25 40 30
507 57 0 2 3 60 35 40 35 35 30
507 58 0 2 3 61 35 40 45 45 40
507 59 0 2 3 62 40 35 35 40 35
507 60 0 2 3 63 30 35 25 30 30
507 61 0 2 3 64 25 30 25 25 20
507 62 0 2 3 65 35 40 30 35 30
507 63 0 2 3 66 35 35 30 35 25
507 64 0 2 3 67 35 30 30 25 30
507 66 0 2 3 68 35 30 35 30 25
507 67 0 2 3 69 35 35 30 35 30
507 68 0 2 3 70 30 35 30 30 30
507 69 0 2 3 71 35 35 30 35 30
507 71 0 2 3 72 30 35 30 30 25
507 72 0 2 3 73 30 35 30 35 35
507 73 0 2 3 74 35 40 40 35 35
507 74 0 2 3 75 35 35 30 30 35
507 75 0 2 3 76 30 25 30 35 30
507 77 0 2 3 77 40 35 30 35 30
507 78 0 2 3 78 35 40 40 40 35
507 79 0 2 3 79 30 40 35 35 30
507 80 0 2 3 80 35 40 35 35 30
508 00 1 0 1 00 40 35 40 60 45
508 02 1 1 1 01 55 40 45 55 55
508 04 1 1 1 02 55 45 50 55 50
508 09 1 1 1 03 35 35 35 35 30
508 11 1 1 1 04 55 45 45 50 45
508 22 1 1 1 05 50 45 50 55 45
508 39 1 1 1 06 65 50 55 45 45
508 40 1 1 1 07 55 50 45 55 55
508 46 1 1 1 08 45 40 45 55 50
508 13 1 1 1 09 55 45 50 45 45
508 76 1 1 1 10 45 45 50 55 55
508 43 1 1 1 11 55 45 45 60 45
508 54 1 1 1 12 50 45 45 50 45
508 01 1 1 1 13 45 45 45 55 50
508 07 1 1 1 14 55 45 55 50 50
508 14 1 1 1 15 45 40 45 55 40
508 30 1 1 1 16 40 40 45 55 40
508 37 1 1 1 17 45 45 50 45 40
508 50 1 1 1 18 40 40 45 55 45
508 52 1 1 1 19 45 45 45 50 50
508 65 1 1 1 20 40 40 40 45 40
508 70 1 1 1 21 55 45 45 50 55
508 38 1 1 1 22 60 45 45 60 55
508 42 1 1 1 23 60 45 50 60 55
508 03 1 1 1 24 50 45 45 55 55
508 05 1 1 1 25 45 40 45 55 45
508 06 1 1 1 26 40 45 45 45 45
508 08 1 1 1 27 45 45 45 55 45
508 10 1 1 1 28 45 45 50 55 40
508 12 1 1 1 29 45 45 45 55 50
508 15 1 1 1 30 55 45 50 60 55
508 16 1 1 1 31 45 45 40 40 45
508 17 1 1 1 32 60 45 55 60 55
508 18 1 1 1 33 55 50 55 45 45
508 19 1 1 1 34 45 45 40 45 55
508 20 1 1 1 35 60 50 55 60 60
508 21 1 1 1 36 55 50 55 45 45
508 23 1 1 1 37 55 45 55 55 55
508 24 1 1 1 38 45 45 45 50 40
508 25 1 1 1 39 45 45 50 55 45
508 26 1 1 1 40 50 45 45 55 45
508 27 1 1 1 41 55 50 50 55 45
508 28 1 1 1 42 45 45 50 55 45
508 29 1 1 1 43 60 50 55 60 50
508 31 1 1 1 44 60 50 45 55 55
508 32 1 1 1 45 45 45 50 55 45
508 33 1 1 1 46 45 45 50 55 45
508 34 1 1 1 47 45 45 45 45 40
508 35 1 1 1 48 45 40 50 55 50
508 36 1 1 1 49 60 50 50 55 55
508 41 1 1 1 50 45 45 50 55 45
508 44 1 1 1 51 40 40 40 45 45
508 45 1 1 1 52 60 50 50 55 50
508 47 1 1 1 53 45 45 50 55 55
508 48 1 1 1 54 45 40 50 45 45
508 49 1 1 1 55 45 45 40 55 50
508 51 1 1 1 56 55 50 45 45 45
508 53 1 1 1 57 65 55 45 50 50
508 55 1 1 1 58 60 55 55 55 55
508 56 1 1 1 59 45 40 40 55 45
508 57 1 1 1 60 45 45 50 55 55
508 58 1 1 1 61 60 50 50 55 45
508 59 1 1 1 62 60 50 55 55 45
508 60 1 1 1 63 70 50 55 65 45
508 61 1 1 1 64 45 45 50 45 45
508 62 1 1 1 65 45 45 50 45 40
508 63 1 1 1 66 50 45 45 55 45
508 64 1 1 1 67 55 50 50 65 45
508 66 1 1 1 68 55 50 50 60 55
508 67 1 1 1 69 65 55 45 55 45
508 68 1 1 1 70 45 45 50 55 45
508 69 1 1 1 71 55 50 50 55 55
508 71 1 1 1 72 45 45 40 50 45
508 72 1 1 1 73 60 50 45 55 55
508 73 1 1 1 74 60 50 50 55 55
508 74 1 1 1 75 65 55 55 55 50
508 75 1 1 1 76 70 60 60 65 55
508 77 1 1 1 77 55 50 55 60 45
508 78 1 1 1 78 50 50 50 60 55
508 79 1 1 1 79 75 65 65 75 70
508 80 1 1 1 80 45 45 45 40 50
508 00 1 0 2 00 40 40 40 40 40
508 02 1 1 2 01 65 40 40 60 35
508 04 1 1 2 02 65 50 40 25 20
508 09 1 1 2 03 40 35 20 10 20
508 11 1 1 2 04 80 40 30 85 45
508 22 1 1 2 05 75 60 65 85 70
508 39 1 1 2 06 70 60 70 85 45
508 40 1 1 2 07 35 35 25 80 45
508 46 1 1 2 08 35 35 15 35 55
508 13 1 1 2 09 70 50 45 70 75
508 76 1 1 2 10 45 40 30 30 40
508 43 1 1 2 11 65 45 30 70 60
508 54 1 1 2 12 75 50 50 50 20
508 01 1 1 2 13 40 40 30 65 55
508 07 1 1 2 14 30 30 30 45 15
508 14 1 1 2 15 60 50 50 70 35
508 30 1 1 2 16 20 25 10 45 35
508 37 1 1 2 17 75 55 45 70 60
508 50 1 1 2 18 85 55 45 65 40
508 52 1 1 2 19 10 30 40 30 30
508 65 1 1 2 20 20 30 30 40 10
508 70 1 1 2 21 30 25 35 65 40
508 38 1 1 2 22 85 30 30 40 40
508 42 1 1 2 23 70 50 50 65 35
508 03 1 1 2 24 65 45 40 65 40
508 05 1 1 2 25 40 30 30 55 20
508 06 1 1 2 26 20 30 30 30 10
508 08 1 1 2 27 30 20 20 60 30
508 10 1 1 2 28 70 55 30 80 55
508 12 1 1 2 29 35 45 20 30 15
508 15 1 1 2 30 70 40 40 80 60
508 16 1 1 2 31 30 30 15 50 25
508 17 1 1 2 32 85 50 60 75 60
508 18 1 1 2 33 60 45 60 75 35
508 19 1 1 2 34 85 55 60 65 25
508 20 1 1 2 35 85 55 65 85 45
508 21 1 1 2 36 80 45 45 70 60
508 23 1 1 2 37 40 30 35 80 25
508 24 1 1 2 38 40 50 35 60 25
508 25 1 1 2 39 65 50 50 70 30
508 26 1 1 2 40 80 60 60 75 35
508 27 1 1 2 41 80 55 65 70 65
508 28 1 1 2 42 30 35 30 50 20
508 29 1 1 2 43 85 55 60 75 70
508 31 1 1 2 44 70 60 60 75 40
508 32 1 1 2 45 25 40 45 60 15
508 33 1 1 2 46 80 60 60 70 45
508 34 1 1 2 47 60 50 50 75 65
508 35 1 1 2 48 40 60 60 40 15
508 36 1 1 2 49 75 60 60 70 25
508 41 1 1 2 50 75 45 45 70 30
508 44 1 1 2 51 65 50 60 40 25
508 45 1 1 2 52 75 60 60 30 30
508 47 1 1 2 53 80 50 50 70 40
508 48 1 1 2 54 40 40 50 20 20
508 49 1 1 2 55 65 40 40 60 40
508 51 1 1 2 56 70 50 50 70 35
508 53 1 1 2 57 70 50 30 65 15
508 55 1 1 2 58 85 65 45 60 30
508 56 1 1 2 59 30 45 15 45 15
508 57 1 1 2 60 75 60 60 75 20
508 58 1 1 2 61 50 40 30 20 40
508 59 1 1 2 62 70 60 25 60 30
508 60 1 1 2 63 80 65 60 70 35
508 61 1 1 2 64 10 40 50 30 15
508 62 1 1 2 65 20 50 40 55 10
508 63 1 1 2 66 30 45 30 70 20
508 64 1 1 2 67 40 40 25 55 15
508 66 1 1 2 68 80 55 40 60 15
508 67 1 1 2 69 70 60 55 65 25
508 68 1 1 2 70 40 40 30 75 20
508 69 1 1 2 71 30 40 50 60 25
508 71 1 1 2 72 30 40 15 40 10
508 72 1 1 2 73 30 40 50 65 15
508 73 1 1 2 74 65 45 60 75 20
508 74 1 1 2 75 70 40 60 80 60
508 75 1 1 2 76 80 55 65 60 70
508 77 1 1 2 77 70 60 40 70 75
508 78 1 1 2 78 70 60 60 40 60
508 79 1 1 2 79 85 65 70 35 85
508 80 1 1 2 80 35 40 40 65 20
508 00 1 0 3 00 
508 02 1 1 3 01 20 25 20 40 10
508 04 1 1 3 02 10 25 30 45 20
508 09 1 1 3 03 10 20 20 10 10
508 11 1 1 3 04 70 40 35 75 25
508 22 1 1 3 05 65 30 20 40 30
508 39 1 1 3 06 70 35 35 25 15
508 40 1 1 3 07 65 25 25 60 35
508 46 1 1 3 08 60 40 40 30 30
508 13 1 1 3 09 45 25 35 30 30
508 76 1 1 3 10 25 20 20 10 10
508 43 1 1 3 11 10 20 25 35 20
508 54 1 1 3 12 70 20 80 90 75
508 01 1 1 3 13 60 35 30 30 50
508 07 1 1 3 14 65 30 10 30 25
508 14 1 1 3 15 65 20 20 45 30
508 30 1 1 3 16 30 15 15 30 20
508 37 1 1 3 17 30 20 10 35 20
508 50 1 1 3 18 65 30 60 50 35
508 52 1 1 3 19 60 35 25 35 15
508 65 1 1 3 20 55 30 30 25 10
508 70 1 1 3 21 50 40 50 60 20
508 38 1 1 3 22 70 35 30 70 40
508 42 1 1 3 23 75 50 50 65 20
508 03 1 1 3 24 75 30 15 45 20
508 05 1 1 3 25 70 30 25 60 25
508 06 1 1 3 26 70 40 30 50 20
508 08 1 1 3 27 60 50 25 50 15
508 10 1 1 3 28 75 35 35 60 30
508 12 1 1 3 29 55 35 25 45 20
508 15 1 1 3 30 80 40 40 75 70
508 16 1 1 3 31 60 50 15 40 30
508 17 1 1 3 32 35 15 15 45 20
508 18 1 1 3 33 75 45 45 70 60
508 19 1 1 3 34 35 20 20 55 25
508 20 1 1 3 35 55 25 25 65 20
508 21 1 1 3 36 45 30 30 20 30
508 23 1 1 3 37 40 25 30 75 60
508 24 1 1 3 38 50 30 15 30 30
508 25 1 1 3 39 30 20 15 35 15
508 26 1 1 3 40 15 20 10 10 10
508 27 1 1 3 41 65 30 85 75 80
508 28 1 1 3 42 50 20 15 40 25
508 29 1 1 3 43 35 25 15 15 15
508 31 1 1 3 44 60 30 30 50 35
508 32 1 1 3 45 60 25 25 45 30
508 33 1 1 3 46 35 35 15 40 20
508 34 1 1 3 47 25 35 25 35 20
508 35 1 1 3 48 15 20 20 10 10
508 36 1 1 3 49 60 35 35 55 40
508 41 1 1 3 50 30 35 30 55 40
508 44 1 1 3 51 25 35 35 50 35
508 45 1 1 3 52 30 30 45 55 35
508 47 1 1 3 53 40 30 55 70 30
508 48 1 1 3 54 25 30 20 35 20
508 49 1 1 3 55 55 30 30 55 30
508 51 1 1 3 56 55 35 35 65 20
508 53 1 1 3 57 55 20 45 20 40
508 55 1 1 3 58 65 50 50 65 20
508 56 1 1 3 59 45 35 35 70 20
508 57 1 1 3 60 45 30 30 55 20
508 58 1 1 3 61 60 35 25 40 15
508 59 1 1 3 62 50 30 30 45 25
508 60 1 1 3 63 70 30 15 15 15
508 61 1 1 3 64 20 30 25 15 15
508 62 1 1 3 65 40 25 15 35 20
508 63 1 1 3 66 50 30 30 40 15
508 64 1 1 3 67 20 30 25 20 20
508 66 1 1 3 68 50 30 40 50 20
508 67 1 1 3 69 60 30 30 40 20
508 68 1 1 3 70 30 25 20 30 20
508 69 1 1 3 71 30 30 15 35 20
508 71 1 1 3 72 40 25 25 10 15
508 72 1 1 3 73 40 30 30 20 20
508 73 1 1 3 74 40 25 15 35 15
508 74 1 1 3 75 20 25 15 30 20
508 75 1 1 3 76 30 30 20 35 20
508 77 1 1 3 77 35 30 30 40 40
508 78 1 1 3 78 40 30 30 20 20
508 79 1 1 3 79 25 25 30 45 20
508 80 1 1 3 80 35 25 15 35 15
509 00 1 0 1 00 70 35 80 15 30
509 02 1 2 1 01 50 30 70 35 20
509 04 1 2 1 02 80 75 85 45 25
509 09 1 2 1 03 75 85 85 90 85
509 11 1 2 1 04 35 15 65 15 15
509 22 1 2 1 05 50 70 85 85 75
509 39 1 2 1 06 60 20 75 30 70
509 40 1 2 1 07 20 70 40 35 50
509 46 1 2 1 08 65 30 80 45 65
509 13 1 2 1 09 50 20 70 30 80
509 76 1 2 1 10 90 75 80 35 65
509 43 1 2 1 11 80 70 75 50 70
509 54 1 2 1 12 85 85 85 75 80
509 01 1 2 1 13 40 20 50 60 80
509 07 1 2 1 14 80 20 85 50 70
509 14 1 2 1 15 80 20 85 20 35
509 30 1 2 1 16 80 20 75 40 85
509 37 1 2 1 17 65 15 75 45 80
509 50 1 2 1 18 85 80 85 70 85
509 52 1 2 1 19 90 90 85 90 80
509 65 1 2 1 20 80 25 75 55 50
509 70 1 2 1 21 
509 38 1 2 1 22 25 20 75 80 40
509 42 1 2 1 23 75 40 80 65 70
509 03 1 2 1 24 15 15 40 15 20
509 05 1 2 1 25 85 25 85 70 45
509 06 1 2 1 26 65 30 75 85 85
509 08 1 2 1 27 90 70 85 80 70
509 10 1 2 1 28 20 15 35 20 35
509 12 1 2 1 29 85 70 80 75 85
509 15 1 2 1 30 15 15 25 15 30
509 16 1 2 1 31 80 75 85 75 70
509 17 1 2 1 32 15 15 25 10 10
509 18 1 2 1 33 80 30 80 40 70
509 19 1 2 1 34 85 80 80 80 60
509 20 1 2 1 35 15 10 20 15 40
509 21 1 2 1 36 20 15 40 20 35
509 23 1 2 1 37 40 20 80 70 65
509 24 1 2 1 38 30 20 55 85 75
509 25 1 2 1 39 80 30 85 65 80
509 26 1 2 1 40 30 15 40 30 20
509 27 1 2 1 41 20 15 35 30 20
509 28 1 2 1 42 40 80 60 85 85
509 29 1 2 1 43 15 10 35 15 15
509 31 1 2 1 44 70 55 80 60 80
509 32 1 2 1 45 20 10 50 15 40
509 33 1 2 1 46 75 15 60 70 75
509 34 1 2 1 47 20 30 60 85 85
509 35 1 2 1 48 80 85 85 85 80
509 36 1 2 1 49 10 15 15 50 35
509 41 1 2 1 50 20 20 75 60 80
509 44 1 2 1 51 85 90 85 85 85
509 45 1 2 1 52 75 70 80 75 80
509 47 1 2 1 53 60 85 80 70 55
509 48 1 2 1 54 
509 49 1 2 1 55 70 40 80 65 80
509 51 1 2 1 56 30 40 80 55 70
509 53 1 2 1 57 65 25 80 60 85
509 55 1 2 1 58 20 15 35 50 70
509 56 1 2 1 59 75 60 80 55 80
509 57 1 2 1 60 85 80 90 85 80
509 58 1 2 1 61 60 15 75 20 20
509 59 1 2 1 62 15 15 40 15 30
509 60 1 2 1 63 35 20 60 70 85
509 61 1 2 1 64 70 80 85 85 80
509 62 1 2 1 65 80 75 80 85 90
509 63 1 2 1 66 90 75 80 60 75
509 64 1 2 1 67 75 25 80 80 85
509 66 1 2 1 68 15 15 30 60 80
509 67 1 2 1 69 80 20 90 55 70
509 68 1 2 1 70 60 15 70 70 75
509 69 1 2 1 71 85 30 80 70 60
509 71 1 2 1 72 65 70 80 75 85
509 72 1 2 1 73 20 15 50 70 75
509 73 1 2 1 74 30 15 40 15 25
509 74 1 2 1 75 75 80 80 85 65
509 75 1 2 1 76 55 20 70 55 40
509 77 1 2 1 77 60 30 45 85 85
509 78 1 2 1 78 75 35 60 80 60
509 79 1 2 1 79 15 10 35 15 15
509 80 1 2 1 80 85 65 85 70 80
509 00 1 0 2 00 75 50 80 15 20
509 02 1 2 2 01 80 15 80 15 20
509 04 1 2 2 02 85 85 85 85 80
509 09 1 2 2 03 85 65 80 80 85
509 11 1 2 2 04 25 10 55 15 15
509 22 1 2 2 05 75 25 75 45 60
509 39 1 2 2 06 80 80 70 35 50
509 40 1 2 2 07 60 20 55 35 80
509 46 1 2 2 08 85 20 85 10 35
509 13 1 2 2 09 80 15 70 50 75
509 76 1 2 2 10 85 20 85 25 65
509 43 1 2 2 11 50 75 75 80 85
509 54 1 2 2 12 70 15 85 30 85
509 01 1 2 2 13 30 15 30 20 15
509 07 1 2 2 14 80 85 80 70 80
509 14 1 2 2 15 90 50 85 30 35
509 30 1 2 2 16 60 85 90 85 85
509 37 1 2 2 17 60 25 60 15 20
509 50 1 2 2 18 80 20 85 80 85
509 52 1 2 2 19 90 85 75 85 85
509 65 1 2 2 20 70 15 65 20 30
509 70 1 2 2 21 
509 38 1 2 2 22 60 15 75 70 80
509 42 1 2 2 23 50 15 20 20 30
509 03 1 2 2 24 15 20 20 15 30
509 05 1 2 2 25 90 80 90 85 60
509 06 1 2 2 26 80 85 85 85 90
509 08 1 2 2 27 90 80 85 65 80
509 10 1 2 2 28 80 30 40 20 20
509 12 1 2 2 29 85 85 85 90 70
509 15 1 2 2 30 35 10 25 15 15
509 16 1 2 2 31 85 85 85 90 70
509 17 1 2 2 32 30 15 75 10 15
509 18 1 2 2 33 80 20 75 50 65
509 19 1 2 2 34 20 15 35 40 75
509 20 1 2 2 35 20 15 20 15 15
509 21 1 2 2 36 20 15 20 50 75
509 23 1 2 2 37 55 15 30 20 65
509 24 1 2 2 38 30 85 65 80 90
509 25 1 2 2 39 70 20 25 50 65
509 26 1 2 2 40 60 15 50 20 40
509 27 1 2 2 41 15 10 30 10 10
509 28 1 2 2 42 20 80 70 60 85
509 29 1 2 2 43 15 10 15 15 25
509 31 1 2 2 44 65 20 75 50 75
509 32 1 2 2 45 70 25 60 75 80
509 33 1 2 2 46 15 15 85 30 75
509 34 1 2 2 47 20 75 30 75 85
509 35 1 2 2 48 85 90 90 90 70
509 36 1 2 2 49 15 15 15 50 70
509 41 1 2 2 50 75 20 80 20 50
509 44 1 2 2 51 85 85 90 80 85
509 45 1 2 2 52 80 85 85 85 85
509 47 1 2 2 53 80 60 80 55 75
509 48 1 2 2 54 
509 49 1 2 2 55 40 80 70 70 85
509 51 1 2 2 56 75 25 75 55 50
509 53 1 2 2 57 45 15 20 60 85
509 55 1 2 2 58 40 20 55 70 65
509 56 1 2 2 59 70 65 85 60 85
509 57 1 2 2 60 80 85 90 80 90
509 58 1 2 2 61 30 15 25 15 25
509 59 1 2 2 62 30 40 70 50 80
509 60 1 2 2 63 20 15 40 65 85
509 61 1 2 2 64 80 80 85 85 70
509 62 1 2 2 65 80 85 40 90 90
509 63 1 2 2 66 90 30 90 70 55
509 64 1 2 2 67 20 15 15 85 85
509 66 1 2 2 68 20 15 40 60 75
509 67 1 2 2 69 85 30 85 30 70
509 68 1 2 2 70 35 20 20 55 75
509 69 1 2 2 71 80 85 70 85 65
509 71 1 2 2 72 75 85 50 85 90
509 72 1 2 2 73 15 15 20 70 85
509 73 1 2 2 74 20 10 30 15 15
509 74 1 2 2 75 75 65 85 80 55
509 75 1 2 2 76 30 15 15 30 80
509 77 1 2 2 77 60 50 75 85 85
509 78 1 2 2 78 20 15 45 55 75
509 79 1 2 2 79 80 65 55 40 60
509 80 1 2 2 80 80 85 75 60 80
509 00 1 0 3 00 80 20 87 20 15
509 02 1 2 3 01 70 20 75 15 20
509 04 1 2 3 02 87 85 90 90 75
509 09 1 2 3 03 70 90 70 90 85
509 11 1 2 3 04 65 10 40 10 10
509 22 1 2 3 05 70 87 80 85 85
509 39 1 2 3 06 60 80 40 60 70
509 40 1 2 3 07    15 30 15 50
509 46 1 2 3 08 85 15 90 30 15
509 13 1 2 3 09 80 45 70 25 85
509 76 1 2 3 10 90 80 90 90 60
509 43 1 2 3 11 80       60 65
509 54 1 2 3 12 50 15 80 70 75
509 01 1 2 3 13 40 10 65 15 15
509 07 1 2 3 14 90 80 90 80 80
509 14 1 2 3 15 90 20 90 70 50
509 30 1 2 3 16    70 45 80 90
509 37 1 2 3 17 80 85 70 75 60
509 50 1 2 3 18 60 85 90 90 90
509 52 1 2 3 19 90 80 90 90 75
509 65 1 2 3 20 65    80 45 40
509 70 1 2 3 21
509 38 1 2 3 22 65 30 87 55 60
509 42 1 2 3 23 10 10 20 30 35
509 03 1 2 3 24 15 10 20 70 50
509 05 1 2 3 25 90 55 90 80   
509 06 1 2 3 26 87 80 90 90 80
509 08 1 2 3 27 85 60 90 80 70
509 10 1 2 3 28 20    15 40 70
509 12 1 2 3 29 90 90 95 90 85
509 15 1 2 3 30 20 15 55 10 15
509 16 1 2 3 31 85 80 90 75 70
509 17 1 2 3 32 85 45 87 15 20
509 18 1 2 3 33 35 10 35 10 15
509 19 1 2 3 34 85 75 87 85 85
509 20 1 2 3 35 15 10 20 10 10
509 21 1 2 3 36 25 15 15 20 45
509 23 1 2 3 37 70 55 60 40 60
509 24 1 2 3 38 45 85 80 85 80
509 25 1 2 3 39 15 65 10    70
509 26 1 2 3 40 50 87 80 75 65
509 27 1 2 3 41 15 10 20 10 10
509 28 1 2 3 42 60 65 30 90 90
509 29 1 2 3 43 60 70 70 55 20
509 31 1 2 3 44       20 55 85
509 32 1 2 3 45 80 80 85 90 80
509 33 1 2 3 46 75 70 80 35 60
509 34 1 2 3 47 35 90 15 90 90
509 35 1 2 3 48 90 90 90 95 85
509 36 1 2 3 49 15 45 20 55 60
509 41 1 2 3 50 90 90 90 90 70
509 44 1 2 3 51 90 85 90 90 90
509 45 1 2 3 52 80 85 85 80 85
509 47 1 2 3 53 80 55 85 75 60
509 48 1 2 3 54
509 49 1 2 3 55 45 87 85 85 65
509 51 1 2 3 56 75 70 87 70 55
509 53 1 2 3 57 65    30 55   
509 55 1 2 3 58 30 10 70 30 20
509 56 1 2 3 59 85 40 90 90 70
509 57 1 2 3 60 90 80 90 90 75
509 58 1 2 3 61 45 15 30 35 15
509 59 1 2 3 62 75 10 65    20
509 60 1 2 3 63 40 50 70 75 85
509 61 1 2 3 64 85 90 90 95 90
509 62 1 2 3 65 80 85 80 90 90
509 63 1 2 3 66 90 45 90 75 55
509 64 1 2 3 67 85 60 75 85 75
509 66 1 2 3 68    15 40 35 20
509 67 1 2 3 69 90 15 80 80 75
509 68 1 2 3 70 75 20 70 60   
509 69 1 2 3 71 80 85 85 80 50
509 71 1 2 3 72 35 75 20 90 80
509 72 1 2 3 73 15    15 80 85
509 73 1 2 3 74 20 10 60 25 20
509 74 1 2 3 75 87 80 80 85 85
509 75 1 2 3 76 30 15 75 60   
509 77 1 2 3 77 70 85 75 80 80
509 78 1 2 3 78 85 70 80 40 30
509 79 1 2 3 79 90 25 85 80 50
509 80 1 2 3 80 85 90 80 90 75
510 00 0 0 1 00 55 55 40 45 40
510 02 0 1 1 01 55 55 50 55 45
510 04 0 1 1 02 50 50 50 55 50
510 09 0 1 1 03 35 45 35 35 35
510 11 0 1 1 04 50 50 45 55 55
510 12 0 1 1 05 40 50 40 40 40
510 39 0 1 1 06 60 55 50 55 55
510 40 0 1 1 07 45 50 40 50 50
510 46 0 1 1 08 50 55 55 65 60
510 13 0 1 1 09 45 45 45 45 45
510 76 0 1 1 10 40 40 40 55 50
510 43 0 1 1 11 40 45 40 45 40
510 54 0 1 1 12 55 55 50 60 50
510 01 0 1 1 13 45 45 45 50 45
510 07 0 1 1 14 45 40 40 45 50
510 14 0 1 1 15 40 40 45 55 50
510 30 0 1 1 16 40 40 40 35 40
510 37 0 1 1 17 45 50 35 35 35
510 50 0 1 1 18 35 45 40 40 40
510 52 0 1 1 19 40 45 30 35 35
510 65 0 1 1 20 40 35 40 40 45
510 70 0 1 1 21 50 45 40 45 40
510 38 0 1 1 22 55 50 50 60 55
510 42 0 1 1 23 55 60 50 55 45
510 03 0 1 1 24 55 50 55 55 55
510 05 0 1 1 25 40 40 40 50 45
510 06 0 1 1 26 30 40 30 35 35
510 08 0 1 1 27 35 45 45 50 45
510 10 0 1 1 28 40 50 45 45 50
510 12 0 1 1 29 40 45 35 40 40
510 15 0 1 1 30 45 45 45 55 50
510 16 0 1 1 31 55 50 40 40 45
510 17 0 1 1 32 60 55 50 55 50
510 18 0 1 1 33 50 45 45 45 45
510 19 0 1 1 34 45 40 45 50 45
510 20 0 1 1 35 60 55 45 50 50
510 21 0 1 1 36 60 55 55 60 55
510 23 0 1 1 37 55 55 55 70 60
510 24 0 1 1 38 45 45 40 40 45
510 25 0 1 1 39 40 45 40 45 45
510 26 0 1 1 40 50 55 50 45 45
510 27 0 1 1 41 50 50 60 60 55
510 28 0 1 1 42 45 40 40 35 35
510 29 0 1 1 43 65 60 60 70 65
510 31 0 1 1 44 55 55 45 55 45
510 32 0 1 1 45 55 50 50 45 50
510 33 0 1 1 46 45 40 45 45 45
510 34 0 1 1 47 45 50 40 50 45
510 35 0 1 1 48 45 45 45 40 40
510 36 0 1 1 49 50 55 45 55 50
510 41 0 1 1 50 45 45 50 55 50
510 44 0 1 1 51 35 40 40 55 45
510 45 0 1 1 52 45 45 40 45 45
510 47 0 1 1 53 45 40 40 50 45
510 48 0 1 1 54 35 35 30 35 35
510 49 0 1 1 55 45 55 45 50 50
510 51 0 1 1 56 45 45 40 45 40
510 53 0 1 1 57 45 45 45 55 50
510 55 0 1 1 58 50 55 45 50 45
510 56 0 1 1 59 40 45 40 40 40
510 57 0 1 1 60 40 40 35 40 40
510 58 0 1 1 61 50 50 45 55 50
510 59 0 1 1 62 45 50 45 45 45
510 60 0 1 1 63 50 60 50 55 50
510 61 0 1 1 64 40 40 40 35 40
510 62 0 1 1 65 35 40 35 35 40
510 63 0 1 1 66 35 40 40 40 35
510 64 0 1 1 67 40 40 40 40 40
510 66 0 1 1 68 45 50 50 55 50
510 67 0 1 1 69 45 50 50 60 45
510 68 0 1 1 70 50 50 50 60 50
510 69 0 1 1 71 40 45 40 55 50
510 71 0 1 1 72 35 35 35 35 35
510 72 0 1 1 73 50 50 45 50 50
510 73 0 1 1 74 60 55 55 65 50
510 74 0 1 1 75 40 45 45 50 50
510 75 0 1 1 76 50 50 50 60 55
510 77 0 1 1 77 45 50 45 50 50
510 78 0 1 1 78 40 40 40 50 40
510 79 0 1 1 79 50 60 55 45 50
510 80 0 1 1 80 40 45 45 40 40
510 00 0 0 2 00 40 50 30 45 30
510 02 0 1 2 01 40 50 45 60 50
510 04 0 1 2 02 25 45 35 40 40
510 09 0 1 2 03 30 50 20 20 25
510 11 0 1 2 04 75 60 55 80 60
510 12 0 1 2 05 30 35 30 35 25
510 39 0 1 2 06 35 35 30 50 40
510 40 0 1 2 07 35 40 30 45 40
510 46 0 1 2 08 50 55 45 70 60
510 13 0 1 2 09 50 45 35 40 35
510 76 0 1 2 10 15 25 35 50 40
510 43 0 1 2 11 25 40 30 30 25
510 54 0 1 2 12 50 55 45 60 50
510 01 0 1 2 13 45 50 30 40 35
510 07 0 1 2 14 35 50 35 35 35
510 14 0 1 2 15 25 35 50 50 45
510 30 0 1 2 16 15 30 25 30 30
510 37 0 1 2 17 35 60 30 30 35
510 50 0 1 2 18 60 70 55 60 50
510 52 0 1 2 19 20 40 20 25 20
510 65 0 1 2 20 30 30 35 35 35
510 70 0 1 2 21 35 45 35 35 30
510 38 0 1 2 22 55 50 45 60 55
510 42 0 1 2 23 70 60 50 45 45
510 03 0 1 2 24 75 65 60 60 55
510 05 0 1 2 25 15 35 30 40 30
510 06 0 1 2 26 15 30 20 20 20
510 08 0 1 2 27 25 40 35 45 40
510 10 0 1 2 28 40 35 40 45 40
510 12 0 1 2 29 25 30 30 25 25
510 15 0 1 2 30 65 70 55 60 55
510 16 0 1 2 31 40 35 35 40 40
510 17 0 1 2 32 60 55 50 55 50
510 18 0 1 2 33 30 40 40 50 40
510 19 0 1 2 34 40 40 45 60 50
510 20 0 1 2 35 80 70 55 60 50
510 21 0 1 2 36 70 70 60 70 60
510 23 0 1 2 37 60 45 50 55 50
510 24 0 1 2 38 35 40 40 45 40
510 25 0 1 2 39 40 50 40 40 40
510 26 0 1 2 40 45 45 50 45 45
510 27 0 1 2 41 85 65 60 65 60
510 28 0 1 2 42 25 40 30 30 30
510 29 0 1 2 43 95 80 80 75 75
510 31 0 1 2 44 50 45 45 55 45
510 32 0 1 2 45 35 35 35 30 35
510 33 0 1 2 46 50 45 50 55 50
510 34 0 1 2 47 40 30 30 40 35
510 35 0 1 2 48 20 25 20 20 30
510 36 0 1 2 49 50 50 45 50 45
510 41 0 1 2 50 40 50 55 60 50
510 44 0 1 2 51 35 40 45 55 45
510 45 0 1 2 52 25 30 25 30 30
510 47 0 1 2 53 40 40 45 45 40
510 48 0 1 2 54 15 30 15 15 20
510 49 0 1 2 55 55 55 60 65 60
510 51 0 1 2 56 30 30 30 35 30
510 53 0 1 2 57 45 40 30 40 35
510 55 0 1 2 58 40 45 40 40 40
510 56 0 1 2 59 30 35 30 30 30
510 57 0 1 2 60 50 45 50 55 45
510 58 0 1 2 61 35 40 35 40 35
510 59 0 1 2 62 30 30 35 35 30
510 60 0 1 2 63 55 50 50 50 45
510 61 0 1 2 64 30 30 35 35 35
510 62 0 1 2 65 20 25 30 20 25
510 63 0 1 2 66 30 30 35 30 30
510 64 0 1 2 67 40 50 40 40 35
510 66 0 1 2 68 40 35 40 40 45
510 67 0 1 2 69 65 60 55 65 60
510 68 0 1 2 70 40 45 45 50 50
510 69 0 1 2 71 55 45 55 65 55
510 71 0 1 2 72 30 30 25 30 25
510 72 0 1 2 73 40 40 40 45 45
510 73 0 1 2 74 60 50 50 65 55
510 74 0 1 2 75 50 55 45 50 45
510 75 0 1 2 76 65 50 55 60 60
510 77 0 1 2 77 45 50 50 60 50
510 78 0 1 2 78 45 35 30 30 30
510 79 0 1 2 79 45 45 50 40 45
510 80 0 1 2 80 35 30 35 40 35
510 00 0 0 3 00 30 40 35 40 30
510 02 0 1 3 01 60 50 45 60 50
510 04 0 1 3 02 40 35 40 45 40
510 09 0 1 3 03 20 30 20 25 15
510 11 0 1 3 04 65 60 60 80 65
510 12 0 1 3 05 35 35 30 35 35
510 39 0 1 3 06 30 25 25 30 30
510 40 0 1 3 07 60 60 50 60 50
510 46 0 1 3 08 55 60 55 60 55
510 13 0 1 3 09 50 40 40 50 45
510 76 0 1 3 10 30 30 40 40 40
510 43 0 1 3 11 25 25 30 30 25
510 54 0 1 3 12 45 45 45 50 45
510 01 0 1 3 13 40 50 40 45 45
510 07 0 1 3 14 40 45 45 40 40
510 14 0 1 3 15 35 40 40 45 40
510 30 0 1 3 16 20 30 25 25 25
510 37 0 1 3 17 35 30 30 25 25
510 50 0 1 3 18 50 60 55 55 55
510 52 0 1 3 19 40 45 35 35 35
510 65 0 1 3 20 30 30 35 40 35
510 70 0 1 3 21 35 35 35 40 35
510 38 0 1 3 22 45 55 45 60 50
510 42 0 1 3 23 55 60 45 45 40
510 03 0 1 3 24 50 55 45 55 50
510 05 0 1 3 25 55 50 60 65 55
510 06 0 1 3 26 20 20 20 20 20
510 08 0 1 3 27 30 30 40 40 35
510 10 0 1 3 28 40 45 40 50 45
510 12 0 1 3 29 30 30 25 30 30
510 15 0 1 3 30 60 60 55 75 50
510 16 0 1 3 31 30 30 35 40 40
510 17 0 1 3 32 40 40 35 40 40
510 18 0 1 3 33 50 60 50 65 50
510 19 0 1 3 34 35 30 40 50 40
510 20 0 1 3 35 80 75 60 70 60
510 21 0 1 3 36 40 45 50 60 50
510 23 0 1 3 37 45 40 45 55 50
510 24 0 1 3 38 35 40 40 40 45
510 25 0 1 3 39 30 40 35 35 40
510 26 0 1 3 40 25 25 30 25 30
510 27 0 1 3 41 70 70 70 65 65
510 28 0 1 3 42 40 45 50 45 40
510 29 0 1 3 43 45 45 40 45 45
510 31 0 1 3 44 60 50 50 60 55
510 32 0 1 3 45 30 30 35 30 35
510 33 0 1 3 46 40 40 40 45 45
510 34 0 1 3 47 40 35 35 35 35
510 35 0 1 3 48 30 20 25 20 25
510 36 0 1 3 49 50 50 45 50 40
510 41 0 1 3 50 20 30 25 30 25
510 44 0 1 3 51 30 45 50 60 40
510 45 0 1 3 52 25 25 30 20 20
510 47 0 1 3 53 50 45 50 55 50
510 48 0 1 3 54 30 20 25 30 30
510 49 0 1 3 55 30 30 35 40 40
510 51 0 1 3 56 30 30 30 35 35
510 53 0 1 3 57 35 40 35 35 40
510 55 0 1 3 58 40 45 40 45 40
510 56 0 1 3 59 35 35 40 35 40
510 57 0 1 3 60 40 50 50 70 50
510 58 0 1 3 61 45 50 45 50 45
510 59 0 1 3 62 45 45 50 55 50
510 60 0 1 3 63 30 30 30 25 30
510 61 0 1 3 64 30 35 30 30 30
510 62 0 1 3 65 25 30 30 30 30
510 63 0 1 3 66 35 40 35 40 40
510 64 0 1 3 67 40 35 30 30 30
510 66 0 1 3 68 50 55 50 55 55
510 67 0 1 3 69 55 55 60 70 60
510 68 0 1 3 70 55 55 60 75 60
510 69 0 1 3 71 35 35 45 40 45
510 71 0 1 3 72 25 20 20 15 20
510 72 0 1 3 73 50 45 40 50 45
510 73 0 1 3 74 40 50 50 55 45
510 74 0 1 3 75 40 40 45 45 40
510 75 0 1 3 76 45 40 60 70 65
510 77 0 1 3 77 45 50 50 55 50
510 78 0 1 3 78 40 40 35 40 35
510 79 0 1 3 79 40 40 35 30 35
510 80 0 1 3 80 50 40 45 45 40
511 00 1 0 1 00 55 55 55 55 50
511 02 1 2 1 01 50 45 50 50 50
511 04 1 2 1 02 50 50 50 50 50
511 09 1 2 1 03 55 55 50 55 50
511 11 1 2 1 04 55 50 55 60 55
511 22 1 2 1 05 50 50 55 55 50
511 39 1 2 1 06 50 50 50 50 50
511 40 1 2 1 07 45 50 50 50 50
511 46 1 2 1 08 50 50 50 50 50
511 13 1 2 1 09 50 45 50 55 50
511 76 1 2 1 10 45 45 45 45 45
511 43 1 2 1 11 45 45 50 50 50
511 54 1 2 1 12 55 55 55 55 55
511 01 1 2 1 13 50 50 50 50 50
511 07 1 2 1 14 45 45 50 50 50
511 14 1 2 1 15 50 50 50 50 50
511 30 1 2 1 16 45 50 45 45 40
511 37 1 2 1 17 50 50 50 50 50
511 50 1 2 1 18 55 50 50 50 50
511 52 1 2 1 19 50 45 45 45 45
511 65 1 2 1 20 45 45 40 45 45
511 70 1 2 1 21 50 45 45 55 55
511 38 1 2 1 22 50 45 50 50 50
511 42 1 2 1 23 50 50 50 50 50
511 03 1 2 1 24 55 50 55 55 55
511 05 1 2 1 25 50 50 50 50 50
511 06 1 2 1 26 50 50 50 50 50
511 08 1 2 1 27 45 45 50 45 50
511 10 1 2 1 28 50 50 50 50 50
511 12 1 2 1 29 50 50 50 50 50
511 15 1 2 1 30 50 50 50 50 50
511 16 1 2 1 31 55 45 50 50 50
511 17 1 2 1 32 50 45 50 50 50
511 18 1 2 1 33 45 45 45 45 50
511 19 1 2 1 34 50 50 50 50 50
511 20 1 2 1 35 45 45 45 50 50
511 21 1 2 1 36 55 45 55 60 55
511 23 1 2 1 37 50 50 50 50 50
511 24 1 2 1 38 55 45 50 50 50
511 25 1 2 1 39 45 50 45 45 45
511 26 1 2 1 40 50 50 50 50 50
511 27 1 2 1 41 50 50 50 50 50
511 28 1 2 1 42 45 45 50 50 50
511 29 1 2 1 43 50 50 50 50 50
511 31 1 2 1 44 55 50 55 55 55
511 32 1 2 1 45 50 50 50 50 50
511 33 1 2 1 46 50 50 50 50 50
511 34 1 2 1 47 50 50 50 50 50
511 35 1 2 1 48 40 45 45 50 50
511 36 1 2 1 49 50 50 50 50 50
511 41 1 2 1 50 50 50 50 50 50
511 44 1 2 1 51 50 50 50 50 50
511 45 1 2 1 52 55 45 50 55 50
511 47 1 2 1 53 50 50 50 50 45
511 48 1 2 1 54 50 50 50 50 50
511 49 1 2 1 55 40 45 45 45 45
511 51 1 2 1 56 50 50 50 50 50
511 53 1 2 1 57 45 45 50 50 50
511 55 1 2 1 58 50 50 50 50 50
511 56 1 2 1 59 45 45 50 45 45
511 57 1 2 1 60 50 50 50 50 50
511 58 1 2 1 61 45 40 45 45 45
511 59 1 2 1 62 50 50 50 50 50
511 60 1 2 1 63 45 50 50 50 50
511 61 1 2 1 64 50 50 50 50 50
511 62 1 2 1 65 45 45 50 50 50
511 63 1 2 1 66 45 45 45 45 45
511 64 1 2 1 67 45 45 50 50 50
511 66 1 2 1 68 50 50 50 50 50
511 67 1 2 1 69 50 50 50 50 50
511 68 1 2 1 70 45 45 45 45 45
511 69 1 2 1 71 45 45 50 50 50
511 71 1 2 1 72 50 50 50 50 50
511 72 1 2 1 73 50 50 50 50 50
511 73 1 2 1 74 55 45 50 55 55
511 74 1 2 1 75 50 50 50 50 50
511 75 1 2 1 76 45 50 50 50 50
511 77 1 2 1 77 45 50 50 50 50
511 78 1 2 1 78 45 45 50 50 50
511 79 1 2 1 79 55 50 55 55 55
511 80 1 2 1 80 55 45 50 50 50
511 00 1 0 2 00 60 55 55 55 50
511 02 1 2 2 01 65 55 65 65 65
511 04 1 2 2 02 60 60 55 55 55
511 09 1 2 2 03 55 55 55 55 55
511 11 1 2 2 04 60 60 60 60 60
511 22 1 2 2 05 55 55 60 60 60
511 39 1 2 2 06 55 60 60 60 60
511 40 1 2 2 07 45 45 45 45 45
511 46 1 2 2 08 55 50 55 55 55
511 13 1 2 2 09 50 50 50 50 55
511 76 1 2 2 10 50 50 50 50 50
511 43 1 2 2 11 45 45 50 50 50
511 54 1 2 2 12 50 50 50 50 50
511 01 1 2 2 13 55 50 50 45 45
511 07 1 2 2 14 50 50 50 50 50
511 14 1 2 2 15 45 45 45 50 40
511 30 1 2 2 16 35 45 40 40 40
511 37 1 2 2 17 55 50 55 50 50
511 50 1 2 2 18 55 55 55 55 55
511 52 1 2 2 19 45 45 45 45 45
511 65 1 2 2 20 45 40 40 40 40
511 70 1 2 2 21 50 45 45 50 50
511 38 1 2 2 22 55 55 50 50 50
511 42 1 2 2 23 55 50 55 55 50
511 03 1 2 2 24 60 55 60 55 60
511 05 1 2 2 25 55 50 55 50 55
511 06 1 2 2 26 45 45 45 40 40
511 08 1 2 2 27 50 50 45 50 45
511 10 1 2 2 28 55 50 50 50 50
511 12 1 2 2 29 45 40 40 40 40
511 15 1 2 2 30 60 50 50 50 55
511 16 1 2 2 31 45 40 45 40 40
511 17 1 2 2 32 50 50 50 50 50
511 18 1 2 2 33 55 50 50 50 50
511 19 1 2 2 34 45 50 45 55 45
511 20 1 2 2 35 50 40 40 45 40
511 21 1 2 2 36 50 50 50 50 50
511 23 1 2 2 37 50 50 50 50 50
511 24 1 2 2 38 45 50 45 50 45
511 25 1 2 2 39 45 50 45 40 45
511 26 1 2 2 40 50 60 50 45 40
511 27 1 2 2 41 50 50 50 50 50
511 28 1 2 2 42 50 45 45 45 45
511 29 1 2 2 43 50 50 50 45 50
511 31 1 2 2 44 55 45 45 50 45
511 32 1 2 2 45 50 55 50 50 50
511 33 1 2 2 46 50 45 45 45 45
511 34 1 2 2 47 40 45 40 50 40
511 35 1 2 2 48 55 55 50 50 50
511 36 1 2 2 49 45 45 45 45 45
511 41 1 2 2 50 55 50 50 55 50
511 44 1 2 2 51 50 45 45 50 45
511 45 1 2 2 52 50 45 40 50 45
511 47 1 2 2 53 45 45 40 45 40
511 48 1 2 2 54 50 50 40 45 40
511 49 1 2 2 55 30 40 40 40 40
511 51 1 2 2 56 50 50 50 50 50
511 53 1 2 2 57 45 40 40 45 40
511 55 1 2 2 58 50 45 45 45 45
511 56 1 2 2 59 50 50 45 45 45
511 57 1 2 2 60 60 55 50 50 50
511 58 1 2 2 61 50 50 50 50 50
511 59 1 2 2 62 45 45 40 40 45
511 60 1 2 2 63 40 40 40 50 45
511 61 1 2 2 64 45 45 45 55 50
511 62 1 2 2 65 50 45 45 50 45
511 63 1 2 2 66 60 55 50 50 50
511 64 1 2 2 67 55 50 50 50 50
511 66 1 2 2 68 55 50 50 50 45
511 67 1 2 2 69 50 50 50 50 50
511 68 1 2 2 70 50 45 45 45 45
511 69 1 2 2 71 60 55 55 55 55
511 71 1 2 2 72 55 50 45 45 45
511 72 1 2 2 73 45 45 45 45 45
511 73 1 2 2 74 55 50 50 50 50
511 74 1 2 2 75 50 50 50 50 50
511 75 1 2 2 76 45 45 45 45 45
511 77 1 2 2 77 55 50 45 45 45
511 78 1 2 2 78 60 50 45 50 45
511 79 1 2 2 79 50 50 50 50 50
511 80 1 2 2 80 60 55 50 50 50
511 00 1 0 3 00 60 55 50 55 45
511 02 1 2 3 01 55 45 45 50 40
511 04 1 2 3 02 40 35 30 40 35
511 09 1 2 3 03 55 50 50 60 50
511 11 1 2 3 04 50 45 45 45 45
511 22 1 2 3 05 40 35 35 35 40
511 39 1 2 3 06 45 45 40 40 40
511 40 1 2 3 07 45 40 35 35 35
511 46 1 2 3 08 40 35 35 35 30
511 13 1 2 3 09 55 50 45 55 40
511 76 1 2 3 10 45 40 40 40 35
511 43 1 2 3 11 15 35 25 25 20
511 54 1 2 3 12 60 45 45 50 50
511 01 1 2 3 13 45 40 40 40 40
511 07 1 2 3 14 55 50 45 60 45
511 14 1 2 3 15 55 45 45 45 45
511 30 1 2 3 16 40 35 30 30 25
511 37 1 2 3 17 40 40 40 35 35
511 50 1 2 3 18 55 45 45 50 40
511 52 1 2 3 19 45 40 40 45 40
511 65 1 2 3 20 45 40 40 40 40
511 70 1 2 3 21 35 35 30 35 35
511 38 1 2 3 22 45 45 50 55 40
511 42 1 2 3 23 45 40 40 45 40
511 03 1 2 3 24 45 45 40 40 40
511 05 1 2 3 25 45 40 40 40 40
511 06 1 2 3 26 40 45 45 40 35
511 08 1 2 3 27 40 40 35 35 35
511 10 1 2 3 28 45 45 40 40 40
511 12 1 2 3 29 45 45 45 40 40
511 15 1 2 3 30 65 50 60 60 60
511 16 1 2 3 31 40 35 35 40 35
511 17 1 2 3 32 40 45 40 40 40
511 18 1 2 3 33 40 45 40 40 40
511 19 1 2 3 34 35 45 40 55 40
511 20 1 2 3 35 55 50 40 55 40
511 21 1 2 3 36 45 50 40 40 40
511 23 1 2 3 37 35 55 35 35 35
511 24 1 2 3 38 45 50 45 50 45
511 25 1 2 3 39 35 40 40 45 40
511 26 1 2 3 40 40 40 35 40 35
511 27 1 2 3 41 80 60 75 75 75
511 28 1 2 3 42 35 45 40 40 35
511 29 1 2 3 43 40 45 40 50 30
511 31 1 2 3 44 35 35 35 35 35
511 32 1 2 3 45 40 40 40 40 40
511 33 1 2 3 46 30 40 30 40 35
511 34 1 2 3 47 45 45 40 50 35
511 35 1 2 3 48 45 45 40 40 40
511 36 1 2 3 49 40 40 40 40 40
511 41 1 2 3 50 40 45 40 40 40
511 44 1 2 3 51 40 45 40 40 40
511 45 1 2 3 52 45 45 45 45 45
511 47 1 2 3 53 60 55 50 65 45
511 48 1 2 3 54 45 45 40 40 40
511 49 1 2 3 55 10 45 25 35 25
511 51 1 2 3 56 35 40 35 35 35
511 53 1 2 3 57 45 40 40 40 40
511 55 1 2 3 58 45 45 40 40 40
511 56 1 2 3 59 45 45 35 45 40
511 57 1 2 3 60 40 40 40 40 40
511 58 1 2 3 61 45 45 45 45 45
511 59 1 2 3 62 45 40 35 40 35
511 60 1 2 3 63 35 40 35 35 35
511 61 1 2 3 64 40 40 35 35 35
511 62 1 2 3 65 30 40 35 35 30
511 63 1 2 3 66 40 40 35 35 30
511 64 1 2 3 67 45 45 45 55 45
511 66 1 2 3 68 45 40 40 45 40
511 67 1 2 3 69 40 40 40 40 40
511 68 1 2 3 70 40 40 40 40 40
511 69 1 2 3 71 40 40 30 45 35
511 71 1 2 3 72 40 40 35 35 35
511 72 1 2 3 73 45 45 40 40 40
511 73 1 2 3 74 50 45 40 40 40
511 74 1 2 3 75 30 30 20 20 20
511 75 1 2 3 76 40 40 40 40 40
511 77 1 2 3 77 60 55 55 65 65
511 78 1 2 3 78 45 45 40 40 40
511 79 1 2 3 79 40 40 35 35 35
511 80 1 2 3 80 40 40 35 40 35
