501 00 1 0 0 00 50 40 50 65 40
501 02 1 2 1 01 
501 04 1 2 1 02 55 70 30 35
501 09 1 2 1 03 65 55 40 45 60
501 11 1 2 1 04 60 60 35 40 60
501 22 1 2 1 05 35 60 55 55 45
501 39 1 2 1 06 35       60 60
501 40 1 2 1 07 40 50 35 35 40
501 46 1 2 1 08 40 60 40 40 35
501 13 1 2 1 09 35 50 35 55 65
501 76 1 2 1 10 30 65 35 35 35
501 43 1 2 1 11 50 60 40 55 55
501 54 1 2 1 12 60 60 55 65 65
501 01 1 2 1 13 60 60 35 40 50
501 07 1 2 1 14 
501 14 1 2 1 15 60 65 55 60 60
501 30 1 2 1 16 60 60 60 55 60
501 37 1 2 1 17 50 65 40 40 45
501 50 1 2 1 18 50 55 50 45 55
501 52 1 2 1 19 50 60 55 55 65
501 65 1 2 1 20 65 60 55 55 45
501 70 1 2 1 21 50 60 40 35 55
501 38 1 2 1 22 45 60 60 45 50
501 42 1 2 1 23 60 60 55 60 60
501 03 1 2 1 24 60 60 55 60 65
501 05 1 2 1 25 65 60 60 55 55
501 06 1 2 1 26 60 50 40 50 55
501 08 1 2 1 27 50 55 40 40 55
501 10 1 2 1 28 65 55 65 60 60
501 12 1 2 1 29 55 55 45 40 50
501 15 1 2 1 30 
501 16 1 2 1 31 40 45 40 65 60
501 17 1 2 1 32 45 55 40 40 40
501 18 1 2 1 33 40 60 35 30 40
501 19 1 2 1 34 
501 20 1 2 1 35 60 55 40 55 60
501 21 1 2 1 36 60 50 50 55 55
501 23 1 2 1 37 
501 24 1 2 1 38 50 40 40 35 45
501 25 1 2 1 39 35 40 35 35 50
501 26 1 2 1 40 55 45 55 50 60
501 27 1 2 1 41 65 35 60 65 70
501 28 1 2 1 42 40 55 35 35 50
501 29 1 2 1 43 50 55 35 40 45
501 31 1 2 1 44 45 60 60 40 45
501 32 1 2 1 45 60    60 45 65
501 33 1 2 1 46 45 65 60    70
501 34 1 2 1 47 60 50 50 60 65
501 35 1 2 1 48 40 55 55 60 65
501 36 1 2 1 49 40 50 45 60 60
501 41 1 2 1 50 30 60 35 30 40
501 44 1 2 1 51 45 60 35 50 40
501 45 1 2 1 52 60 55 45 60 35
501 47 1 2 1 53 65 65 50 60 60
501 48 1 2 1 54 65 60 55 60 65
501 49 1 2 1 55 40 60 35 30 55
501 51 1 2 1 56 65 45 40 55 65
501 53 1 2 1 57 
501 55 1 2 1 58 65 60 55 60 60
501 56 1 2 1 59 50 60 40 40 50
501 57 1 2 1 60 60 60 60 60 60
501 58 1 2 1 61 60 60 55 55 50
501 59 1 2 1 62 50 60 35 30 45
501 60 1 2 1 63 65 65 40 40 40
501 61 1 2 1 64 45 65 40 35 35
501 62 1 2 1 65 40 70 35 30 30
501 63 1 2 1 66 60 55 55 55 45
501 64 1 2 1 67 70 70 55 40 55
501 66 1 2 1 68 40 60 35 30 35
501 67 1 2 1 69 50 55 40 60 55
501 68 1 2 1 70 45 60 35 30 55
501 69 1 2 1 71 55 60 30 30 35
501 71 1 2 1 72 65 65 60 60 60
501 72 1 2 1 73 55 
501 73 1 2 1 74 50 55 45 35 35
501 74 1 2 1 75 55 60 35 30 30
501 75 1 2 1 76 60 60 35 40 60
501 77 1 2 1 77 60 60 35 30 40
501 78 1 2 1 78 60 60 30 30 55
501 79 1 2 1 79 65 65 25 35 50
501 80 1 2 1 80 50 40 35 55 40
501 00 1 0 0 00 50 55 55 65 50
501 02 1 2 2 01 40 65 45 50 45
501 04 1 2 2 02 60 60 60 55 65
501 09 1 2 2 03 50 60 45 45 55
501 11 1 2 2 04 65 45 55 60 60
501 22 1 2 2 05 55 60 40 45 45
501 39 1 2 2 06 45 60 45 50 55
501 40 1 2 2 07 40 60 35 50 40
501 46 1 2 2 08 55 45 55 55 45
501 13 1 2 2 09 
501 76 1 2 2 10 40 60 35 40 35
501 43 1 2 2 11 40 60 50 40 45
501 54 1 2 2 12 55 65 45 45 35
501 01 1 2 2 13 55 55 55 45 50
501 07 1 2 2 14 55 60 45 45 60
501 14 1 2 2 15 40 55 60 40 55
501 30 1 2 2 16 50 60 35 35 55
501 37 1 2 2 17 
501 50 1 2 2 18 40 40 60 50 40
501 52 1 2 2 19 55 65 35 35 40
501 65 1 2 2 20 40 60 40 40 40
501 70 1 2 2 21 35 40 40 40 40
501 38 1 2 2 22 40 45 40 35 50
501 42 1 2 2 23 50 65 45 40 35
501 03 1 2 2 24 60 45 65 55 60
501 05 1 2 2 25 40 60 40 30 35
501 06 1 2 2 26 45 55 60 60 60
501 08 1 2 2 27 45 65 50 50 60
501 10 1 2 2 28 60 45 55 60 55
501 12 1 2 2 29 35 70 45 35 35
501 15 1 2 2 30 
501 16 1 2 2 31 55 55 45 45 40
501 17 1 2 2 32 40 60 30 30 50
501 18 1 2 2 33 55 55 40 40 50
501 19 1 2 2 34 40 65 40 40 40
501 20 1 2 2 35 55 65 
501 21 1 2 2 36 40 55 50 35 35
501 23 1 2 2 37 40 60 40 40 40
501 24 1 2 2 38 45 60 35 30 45
501 25 1 2 2 39 55 45 55 45 60
501 26 1 2 2 40 40 40 40 35 40
501 27 1 2 2 41 60 45 55 55 60
501 28 1 2 2 42 40 75 50 55 65
501 29 1 2 2 43 40 55 35 35 40
501 31 1 2 2 44 
501 32 1 2 2 45 40 55 60 40 45
501 33 1 2 2 46 45 55 60 40 45
501 34 1 2 2 47 55 45 40 35 60
501 35 1 2 2 48 45 40 35 40 45
501 36 1 2 2 49 
501 41 1 2 2 50 40 60 35 35 35
501 44 1 2 2 51 45 60 40 35 40
501 45 1 2 2 52 35 60 45 35 55
501 47 1 2 2 53 55 60 40 55 55
501 48 1 2 2 54 40 55 55 40 40
501 49 1 2 2 55 60 60 45 40 55
501 51 1 2 2 56 55 50 35 
501 53 1 2 2 57 40 55 40 35 35
501 55 1 2 2 58 55 40 55 40 40
501 56 1 2 2 59 40 45 35 35 50
501 57 1 2 2 60 55 55 45 40 50
501 58 1 2 2 61 45 55 55 40 45
501 59 1 2 2 62 60 45 40 55 45
501 60 1 2 2 63 60 60 30 30 40
501 61 1 2 2 64 60 60 55 40 50
501 62 1 2 2 65 40 45 40 40 45
501 63 1 2 2 66 45 55 50 55 45
501 64 1 2 2 67 45 60 40 35 35
501 66 1 2 2 68 60 60 50 35 35
501 67 1 2 2 69 
501 68 1 2 2 70 40 60 40 35 40
501 69 1 2 2 71 35 60 35 35 30
501 71 1 2 2 72 45 60 30 30 30
501 72 1 2 2 73 35 55 55 40 55
501 73 1 2 2 74 40 55 40 45 40
501 74 1 2 2 75 45 60 40 40 50
501 75 1 2 2 76 50 50 40 30 65
501 77 1 2 2 77 40 50 40 40 45
501 78 1 2 2 78 40 60 45 35 40
501 79 1 2 2 79 50 60 35 35 40
501 80 1 2 2 80 35 55 35 35 35
501 00 1 0 0 00 40 35 40 50 35
501 02 1 2 3 01 55 55 45 40 45
501 04 1 2 3 02 35 40 30 30 40
501 09 1 2 3 03 65 75 75 80 70
501 11 1 2 3 04 65 70 65 75 70
501 22 1 2 3 05 40 35 30 25 35
501 39 1 2 3 06 30 25 15 15 20
501 40 1 2 3 07 55 65 20 20 50
501 46 1 2 3 08 
501 13 1 2 3 09 55 60 60 60 60
501 76 1 2 3 10 35 45 20 15 25
501 43 1 2 3 11 15 35 10 10 15
501 54 1 2 3 12 60 70 55 60 65
501 01 1 2 3 13 50 55 35 25 35
501 07 1 2 3 14 65 70 55 70 70
501 14 1 2 3 15 60 70 55 60 65
501 30 1 2 3 16 55 60 45 25 35
501 37 1 2 3 17 15 25 10 10 10
501 50 1 2 3 18 55 60 45 35 35
501 52 1 2 3 19 55 60 45 35 40
501 65 1 2 3 20 25 40 25 20 20
501 70 1 2 3 21 30 25 15 15 20
501 38 1 2 3 22 40 45 35 35 40
501 42 1 2 3 23 25 25 15 20 20
501 03 1 2 3 24 60 60 55 60 60
501 05 1 2 3 25 40 35 25 20 30
501 06 1 2 3 26 45 40 20 30 35
501 08 1 2 3 27 25 20 15 15 20
501 10 1 2 3 28 40 35 15 20 30
501 12 1 2 3 29 40 35 20 20 30
501 15 1 2 3 30 60 70 65 65 65
501 16 1 2 3 31 25 20 10 15 25
501 17 1 2 3 32 50 55 15 20 50
501 18 1 2 3 33 20 15 15 15 20
501 19 1 2 3 34 35 30 15 15 25
501 20 1 2 3 35 45 50 35 35 40
501 21 1 2 3 36 45 45 25 30 40
501 23 1 2 3 37 45 40 25 25 35
501 24 1 2 3 38 55 60 35 30 45
501 25 1 2 3 39 60 65 45 50 55
501 26 1 2 3 40 35 30 15 20 20
501 27 1 2 3 41 65 75 60 65 80
501 28 1 2 3 42 25 25 15 15 25
501 29 1 2 3 43 45 40 15 20 35
501 31 1 2 3 44 55 55 25 40 65
501 32 1 2 3 45 45 35 20 20 25
501 33 1 2 3 46 55 55 25 25 45
501 34 1 2 3 47 40 40 25 30 35
501 35 1 2 3 48 55 55 30 35 45
501 36 1 2 3 49 30 35 20 20 45
501 41 1 2 3 50 20 20 15 15 20
501 44 1 2 3 51 35 40 25 20 25
501 45 1 2 3 52 40 40 20 20 30
501 47 1 2 3 53 50 50 35 45 60
501 48 1 2 3 54 45 45 35 30 35
501 49 1 2 3 55 35 40 25 25 40
501 51 1 2 3 56 45 50 30 30 35
501 53 1 2 3 57 35 35 25 25 30
501 55 1 2 3 58 45 40 20 20 40
501 56 1 2 3 59 50 45 30 35 60
501 57 1 2 3 60 45 50 25 30 50
501 58 1 2 3 61 55 55 55 55 55
501 59 1 2 3 62 55 45 20 25 50
501 60 1 2 3 63 30 30 20 20 30
501 61 1 2 3 64 20 25 15 10 15
501 62 1 2 3 65 15 20 10 10 10
501 63 1 2 3 66 15 20 10 15 15
501 64 1 2 3 67 35 40 20 25 35
501 66 1 2 3 68 35 40 20 25 40
501 67 1 2 3 69 30 30 15 20 40
501 68 1 2 3 70 45 50 35 30 40
501 69 1 2 3 71 20 25 15 15 25
501 71 1 2 3 72 20 30 20 15 20
501 72 1 2 3 73 25 25 20 15 25
501 73 1 2 3 74 40 45 35 40 50
501 74 1 2 3 75 15 25 15 10 10
501 75 1 2 3 76 30 30 15 20 25
501 77 1 2 3 77 40 45 30 30 40
501 78 1 2 3 78 25 30 20 25 35
501 79 1 2 3 79 45 45 30 35 55
501 80 1 2 3 80 30 35 15 20 25
502 00 1 0 0 00 35 35 45 50 40
502 02 1 1 1 01 50 45 60 60 60
502 04 1 1 1 02 40 35 35 35 40
502 09 1 1 1 03 45 50 60 50 45
502 11 1 1 1 04 55 60 55 65 60
502 22 1 1 1 05 45 40 45 45 40
502 39 1 1 1 06 60 60 65 65 65
502 40 1 1 1 07 50 65 65 55 65
502 46 1 1 1 08 45 40 50 45 55
502 13 1 1 1 09 40 55 45 45 40
502 76 1 1 1 10 40 30 55 35 40
502 43 1 1 1 11 40 55 55 50 45
502 54 1 1 1 12 45 55 45 45 45
502 01 1 1 1 13 50 45 45 50 50
502 07 1 1 1 14 45 40 55 40 45
502 14 1 1 1 15 45 45 45 55 50
502 30 1 1 1 16 45 45 45 55 50
502 37 1 1 1 17 55 45 55 55 60
502 50 1 1 1 18 45 60 55 55 45
502 52 1 1 1 19 45 40 65 55 55
502 65 1 1 1 20 55 55 45 55 55
502 70 1 1 1 21 55 60 60 60 60
502 38 1 1 1 22 40 35 40 45 40
502 42 1 1 1 23 60 55 50 55 55
502 03 1 1 1 24 55 60 55 65 55
502 05 1 1 1 25 35 30 45 40 40
502 06 1 1 1 26 40 35 50 35 35
502 08 1 1 1 27 35 50 40 30 40
502 10 1 1 1 28 55 55 55 55 50
502 12 1 1 1 29 40 50 45 45 45
502 15 1 1 1 30 60 65 50 55 55
502 16 1 1 1 31 45 50 55 45 55
502 17 1 1 1 32 65 65 55 60 60
502 18 1 1 1 33 55 45 45 45 45
502 19 1 1 1 34 55 60 55 65 55
502 20 1 1 1 35 55 65 60 65 55
502 21 1 1 1 36 50 55 50 55 50
502 23 1 1 1 37 55 50 60 60 55
502 24 1 1 1 38 45 40 35 40 40
502 25 1 1 1 39 40 40 55 45 45
502 26 1 1 1 40 55 50 45 55 45
502 27 1 1 1 41 50 50 65 55 55
502 28 1 1 1 42 40 55 45 45 45
502 29 1 1 1 43 50 65 65 70 65
502 31 1 1 1 44 45 65 50 50 45
502 32 1 1 1 45 50 50 55 55 55
502 33 1 1 1 46 35 35 35 35 35
502 34 1 1 1 47 40 45 50 60 45
502 35 1 1 1 48 45 45 35 40 45
502 36 1 1 1 49 45 45 50 55 45
502 41 1 1 1 50 45 50 60 55 45
502 44 1 1 1 51 35 40 35 45 40
502 45 1 1 1 52 55 50 50 50 45
502 47 1 1 1 53 55 50 55 55 50
502 48 1 1 1 54 45 35 40 35 40
502 49 1 1 1 55 45 45 55 55 45
502 51 1 1 1 56 50 50 40 50 50
502 53 1 1 1 57 55 50 60 55 45
502 55 1 1 1 58 45 60 55 55 45
502 56 1 1 1 59 45 60 45 55 45
502 57 1 1 1 60 40 45 50 40 45
502 58 1 1 1 61 50 45 55 45 50
502 59 1 1 1 62 50 45 50 60 45
502 60 1 1 1 63 45 60 45 40 45
502 61 1 1 1 64 45 45 40 40 45
502 62 1 1 1 65 45 40 45 40 45
502 63 1 1 1 66 45 50 40 50 50
502 64 1 1 1 67 55 65 55 60 55
502 66 1 1 1 68 50 60 55 55 50
502 67 1 1 1 69 60 60 55 60 55
502 68 1 1 1 70 55 50 45 50 55
502 69 1 1 1 71 55 45 45 45 45
502 71 1 1 1 72 45 40 45 40 45
502 72 1 1 1 73 45 45 45 45 55
502 73 1 1 1 74 65 65 55 65 55
502 74 1 1 1 75 45 50 45 50 45
502 75 1 1 1 76 55 50 50 45 60
502 77 1 1 1 77 55 45 55 55 50
502 78 1 1 1 78 60 60 55 55 50
502 79 1 1 1 79 65 55 55 70 60
502 80 1 1 1 80 55 60 50 45 55
502 00 1 0 0 00 40 35 45 50 35
502 02 1 1 2 01 60 50 60 50 55
502 04 1 1 2 02 35 40 45 45 35
502 09 1 1 2 03 55 50 45 40 50
502 11 1 1 2 04 65 55 65 60 50
502 22 1 1 2 05 45 45 50 45 45
502 39 1 1 2 06 50 40 45 50 50
502 40 1 1 2 07 55 60 55 50 50
502 46 1 1 2 08 55 60 45 60 55
502 13 1 1 2 09 60 65 60 65 50
502 76 1 1 2 10 55 65 65 50 45
502 43 1 1 2 11 55 50 60 55 50
502 54 1 1 2 12 40 45 45 45 35
502 01 1 1 2 13 60 50 60 55 60
502 07 1 1 2 14 55 60 55 60 50
502 14 1 1 2 15 45 50 45 40 45
502 30 1 1 2 16 35 40 35 35 35
502 37 1 1 2 17 60 50 70 65 65
502 50 1 1 2 18 55 50 65 55 50
502 52 1 1 2 19 35 45 40 35 35
502 65 1 1 2 20 50 50 55 55 45
502 70 1 1 2 21 55 55 45 45 45
502 38 1 1 2 22 55 60 60 55 55
502 42 1 1 2 23 55 55 60 55 45
502 03 1 1 2 24 55 55 60 60 55
502 05 1 1 2 25 40 50 40 40 35
502 06 1 1 2 26 45 40 45 35 45
502 08 1 1 2 27 40 60 45 40 45
502 10 1 1 2 28 55 55 55 65 50
502 12 1 1 2 29 50 50 45 45 45
502 15 1 1 2 30 60 55 60 60 50
502 16 1 1 2 31 45 50 55 45 45
502 17 1 1 2 32 55 60 65 65 60
502 18 1 1 2 33 45 45 45 40 45
502 19 1 1 2 34 55 60 60 55 45
502 20 1 1 2 35 60 50 55 60 60
502 21 1 1 2 36 50 50 50 50 50
502 23 1 1 2 37 60 55 60 65 50
502 24 1 1 2 38 45 50 45 45 40
502 25 1 1 2 39 50 45 55 60 45
502 26 1 1 2 40 55 45 65 60 45
502 27 1 1 2 41 55 60 65 60 55
502 28 1 1 2 42 45 40 45 45 50
502 29 1 1 2 43 65 50 60 65 55
502 31 1 1 2 44 55 50 55 55 60
502 32 1 1 2 45 60 55 60 55 55
502 33 1 1 2 46 50 60 55 55 50
502 34 1 1 2 47 55 60 55 55 50
502 35 1 1 2 48 45 50 45 40 45
502 36 1 1 2 49 55 50 60 55 50
502 41 1 1 2 50 55 50 55 60 50
502 44 1 1 2 51 45 55 40 45 40
502 45 1 1 2 52 45 50 50 45 50
502 47 1 1 2 53 45 55 55 50 45
502 48 1 1 2 54 45 60 55 55 45
502 49 1 1 2 55 50 50 60 55 50
502 51 1 1 2 56 45 45 50 45 45
502 53 1 1 2 57 55 45 60 55 50
502 55 1 1 2 58 45 55 60 55 45
502 56 1 1 2 59 55 55 55 55 45
502 57 1 1 2 60 55 60 60 55 45
502 58 1 1 2 61 50 60 50 55 45
502 59 1 1 2 62 55 50 60 60 60
502 60 1 1 2 63 50 60 60 50 50
502 61 1 1 2 64 35 45 40 40 35
502 62 1 1 2 65 35 25 60 35 30
502 63 1 1 2 66 45 50 40 55 50
502 64 1 1 2 67 55 50 60 60 50
502 66 1 1 2 68 45 50 55 50 45
502 67 1 1 2 69 55 60 65 55 55
502 68 1 1 2 70 45 50 50 55 55
502 69 1 1 2 71 45 50 55 45 45
502 71 1 1 2 72 40 55 45 50 50
502 72 1 1 2 73 55 60 60 55 45
502 73 1 1 2 74 50 55 60 65 45
502 74 1 1 2 75 55 50 50 55 50
502 75 1 1 2 76 55 60 55 50 45
502 77 1 1 2 77 55 60 60 65 55
502 78 1 1 2 78 60 60 55 60 50
502 79 1 1 2 79 40 40 65 60 40
502 80 1 1 2 80 55 50 55 55 50
502 00 1 0 0 00 50 45 50 55 40
502 02 1 1 3 01 40 50 50 45 45
502 04 1 1 3 02 45 50 45 60 60
502 09 1 1 3 03 35 30 40 40 40
502 11 1 1 3 04 60 65 75 60 60
502 22 1 1 3 05 35 40 40 35 35
502 39 1 1 3 06 45 45 45 40 45
502 40 1 1 3 07 50 60 55 50 50
502 46 1 1 3 08 45 40 45 45 45
502 13 1 1 3 09 50 50 85 60 55
502 76 1 1 3 10 45 50 45 45 45
502 43 1 1 3 11 35 55 30 30 35
502 54 1 1 3 12 55 60 60 55 50
502 01 1 1 3 13 50 60 55 55 55
502 07 1 1 3 14 55 45 40 50 40
502 14 1 1 3 15 40 45 35 35 35
502 30 1 1 3 16 40 40 50 40 40
502 37 1 1 3 17 15 35 35 30 40
502 50 1 1 3 18 45 50 45 45 45
502 52 1 1 3 19 40 40 35 35 35
502 65 1 1 3 20 45 40 35 35 35
502 70 1 1 3 21 60 55 55 65 60
502 38 1 1 3 22 45 65 50 50 45
502 42 1 1 3 23 45 40 45 45 40
502 03 1 1 3 24 45 50 55 50 45
502 05 1 1 3 25 40 45 45 40 40
502 06 1 1 3 26 45 55 45 45 45
502 08 1 1 3 27 25 45 25 25 25
502 10 1 1 3 28 45 60 55 50 45
502 12 1 1 3 29 40 45 40 40 40
502 15 1 1 3 30 60 65 70 80 65
502 16 1 1 3 31 45 45 40 40 40
502 17 1 1 3 32 50 50 45 55 50
502 18 1 1 3 33 45 55 40 50 40
502 19 1 1 3 34 45 35 45 45 45
502 20 1 1 3 35 95 65 85 75 80
502 21 1 1 3 36 45 50 45 45 45
502 23 1 1 3 37 45 60 55 45 45
502 24 1 1 3 38 45 50 45 50 45
502 25 1 1 3 39 45 35 35 35 30
502 26 1 1 3 40 45 40 40 35 35
502 27 1 1 3 41 95 80 99 95 95
502 28 1 1 3 42 40 55 45 40 40
502 29 1 1 3 43 45 40 45 35 35
502 31 1 1 3 44 55 65 65 60 55
502 32 1 1 3 45 45 55 45 50 45
502 33 1 1 3 46 45 50 45 50 50
502 34 1 1 3 47 40 45 40 45 45
502 35 1 1 3 48 35 55 35 35 35
502 36 1 1 3 49 55 60 45 50 50
502 41 1 1 3 50 35 35 30 35 35
502 44 1 1 3 51 45 40 45 45 45
502 45 1 1 3 52 35 40 40 40 35
502 47 1 1 3 53 55 50 55 55 50
502 48 1 1 3 54 45 70 55 55 50
502 49 1 1 3 55 45 40 50 50 45
502 51 1 1 3 56 45 40 45 45 45
502 53 1 1 3 57 50 50 65 60 50
502 55 1 1 3 58 45 50 45 45 40
502 56 1 1 3 59 55 50 50 45 50
502 57 1 1 3 60 40 45 40 40 35
502 58 1 1 3 61 45 55 50 50 50
502 59 1 1 3 62 45 55 45 45 45
502 60 1 1 3 63 30 35 30 30 30
502 61 1 1 3 64 35 40 35 35 35
502 62 1 1 3 65 40 55 45 45 45
502 63 1 1 3 66 45 45 40 40 40
502 64 1 1 3 67 45 45 40 40 40
502 66 1 1 3 68 50 50 50 50 45
502 67 1 1 3 69 50 45 45 50 45
502 68 1 1 3 70 50 55 50 50 50
502 69 1 1 3 71 40 50 40 35 40
502 71 1 1 3 72 25 40 45 40 35
502 72 1 1 3 73 45 50 45 45 45
502 73 1 1 3 74 50 50 45 50 45
502 74 1 1 3 75 40 50 40 40 40
502 75 1 1 3 76 45 50 45 45 45
502 77 1 1 3 77 45 45 55 50 45
502 78 1 1 3 78 40 45 40 40 40
502 79 1 1 3 79 45 50 50 45 45
502 80 1 1 3 80 45 50 40 35 40
503 00 1 0 0 00 55 60 35 50 40
503 02 1 2 1 01 40 50 50 35 55
503 04 1 2 1 02 40 55 40 40 40
503 09 1 2 1 03 55 55 45 40 40
503 11 1 2 1 04 40 50 40 50 45
503 22 1 2 1 05 40 50 55 40 50
503 39 1 2 1 06 50 60 55 40 55
503 40 1 2 1 07 35 60 35 55 40
503 46 1 2 1 08 45 45 35 35 35
503 13 1 2 1 09 50 60 50 40 45
503 76 1 2 1 10 40 65 35 30 35
503 43 1 2 1 11 40 55 30 40 40
503 54 1 2 1 12 40 55 60 45 50
503 01 1 2 1 13 45 60 35 40 45
503 07 1 2 1 14 55 60 50 45 50
503 14 1 2 1 15 45 60 50 40 45
503 30 1 2 1 16 40 60 35 35 40
503 37 1 2 1 17 40 50 55 35 40
503 50 1 2 1 18 45 60 40 40 45
503 52 1 2 1 19 45 55 50 40 55
503 65 1 2 1 20 45 60 50 45 55
503 70 1 2 1 21 35 45 35 35 35
503 38 1 2 1 22 65 60 65 65 65
503 42 1 2 1 23 45 45 35 35 45
503 03 1 2 1 24 55 55 50 65 50
503 05 1 2 1 25 45 55 35 35 40
503 06 1 2 1 26 55 60 50 55 55
503 08 1 2 1 27 40 60 40 50 40
503 10 1 2 1 28 55 50 60 60 55
503 12 1 2 1 29 40 60 40 40 40
503 15 1 2 1 30 60 50 45 55 55
503 16 1 2 1 31 40 40 50 55 40
503 17 1 2 1 32 40 55 40 40 45
503 18 1 2 1 33 40 55 35 35 35
503 19 1 2 1 34 45 50 50 55 55
503 20 1 2 1 35 50 50 55 55 55
503 21 1 2 1 36 50 40 50 45 50
503 23 1 2 1 37 45 45 40 50 45
503 24 1 2 1 38 45 40 60 40 40
503 25 1 2 1 39 40 60 30 35 50
503 26 1 2 1 40 50 50 55 50 50
503 27 1 2 1 41 60 50 55 60 55
503 28 1 2 1 42 45 60 45 45 45
503 29 1 2 1 43 55 60 60 55 55
503 31 1 2 1 44 45 55 55 50 50
503 32 1 2 1 45 50 40 60 60 55
503 33 1 2 1 46 50 60 60 55 55
503 34 1 2 1 47 60 55 50 55 55
503 35 1 2 1 48 55 50 60 55 55
503 36 1 2 1 49 50 55 55 60 45
503 41 1 2 1 50 55 50 65 55 55
503 44 1 2 1 51 45 60 50 35 45
503 45 1 2 1 52 35 55 35 35 35
503 47 1 2 1 53 55 50 50 55 60
503 48 1 2 1 54 55 55 60 65 60
503 49 1 2 1 55 55 60 50 35 55
503 51 1 2 1 56 50 30 45 35 45
503 53 1 2 1 57 45 60 50 45 50
503 55 1 2 1 58 60 45 55 55 55
503 56 1 2 1 59 55 50 55 55 55
503 57 1 2 1 60 55 60 55 60 55
503 58 1 2 1 61 55 60 45 35 55
503 59 1 2 1 62 35 50 35 30 30
503 60 1 2 1 63 35 55 35 35 30
503 61 1 2 1 64 50 60 50 50 45
503 62 1 2 1 65 55 60 55 35 55
503 63 1 2 1 66 60 55 55 55 60
503 64 1 2 1 67 50 45 55 60 55
503 66 1 2 1 68 50 65 45 45 50
503 67 1 2 1 69 50 60 55 55 55
503 68 1 2 1 70 55 65 60 55 60
503 69 1 2 1 71 45 50 50 45 55
503 71 1 2 1 72 50 65 55 55 50
503 72 1 2 1 73 55 60 55 50 55
503 73 1 2 1 74 60 55 60 60 60
503 74 1 2 1 75 55 60 30 50 50
503 75 1 2 1 76 50 65 40 50 45
503 77 1 2 1 77 55 60 55 55 55
503 78 1 2 1 78 60 60 50 55 60
503 79 1 2 1 79 55 65 60 45 55
503 80 1 2 1 80 50 40 70 40 50
503 00 1 0 0 00 50 65 35 50 45
503 02 1 2 2 01 55 60 65 60 55
503 04 1 2 2 02 40 55 40 40 35
503 09 1 2 2 03 50 50 55 45 55
503 11 1 2 2 04 60 55 45 65 40
503 22 1 2 2 05 45 65 45 30 30
503 39 1 2 2 06 40 50 35 35 40
503 40 1 2 2 07 40 60 45 40 45
503 46 1 2 2 08 60 50 55 40 50
503 13 1 2 2 09 50 65 55 55 50
503 76 1 2 2 10 40 60 40 30 30
503 43 1 2 2 11 40 65 35 30 40
503 54 1 2 2 12 45 50 55 40 45
503 01 1 2 2 13 55 60 50 55 55
503 07 1 2 2 14 55 55 45 40 55
503 14 1 2 2 15 50 55 55 60 55
503 30 1 2 2 16 40 60 30 30 40
503 37 1 2 2 17 40 55 40 30 40
503 50 1 2 2 18 60 45 55 60 60
503 52 1 2 2 19 40 60 40 50 45
503 65 1 2 2 20 45 55 35 30 30
503 70 1 2 2 21 40 55 40 40 40
503 38 1 2 2 22 60 60 55 60 60
503 42 1 2 2 23 55 50 50 60 45
503 03 1 2 2 24 55 55 55 60 50
503 05 1 2 2 25 40 65 40 35 40
503 06 1 2 2 26 55 60 55 50 55
503 08 1 2 2 27 55 60 50 60 50
503 10 1 2 2 28 55 45 50 60 50
503 12 1 2 2 29 55 65 45 40 50
503 15 1 2 2 30 55 60 60 65 60
503 16 1 2 2 31 55 60 50 55 55
503 17 1 2 2 32 50 50 55 45 50
503 18 1 2 2 33 45 65 50 35 45
503 19 1 2 2 34 50 45 55 65 60
503 20 1 2 2 35 60 60 55 45 50
503 21 1 2 2 36 55 60 50 55 55
503 23 1 2 2 37 60 55 55 35 50
503 24 1 2 2 38 45 35 35 30 30
503 25 1 2 2 39 55 50 55 45 55
503 26 1 2 2 40 40 60 40 35 40
503 27 1 2 2 41 60 55 45 65 60
503 28 1 2 2 42 50 50 40 40 50
503 29 1 2 2 43 55 50 55 50 55
503 31 1 2 2 44 40 60 50 55 50
503 32 1 2 2 45 45 45 45 40 50
503 33 1 2 2 46 55 65 45 45 50
503 34 1 2 2 47 55 60 55 35 55
503 35 1 2 2 48 50 50 45 55 50
503 36 1 2 2 49 45 65 45 40 40
503 41 1 2 2 50 40 50 40 40 45
503 44 1 2 2 51 45 50 35 35 40
503 45 1 2 2 52 40 55 35 35 40
503 47 1 2 2 53 45 60 55 45 50
503 48 1 2 2 54 40 65 40 35 40
503 49 1 2 2 55 50 60 55 45 50
503 51 1 2 2 56 45 30 55 35 40
503 53 1 2 2 57 35 70 40 40 40
503 55 1 2 2 58 60 50 55 60 55
503 56 1 2 2 59 60 60 50 55 55
503 57 1 2 2 60 45 50 45 40 40
503 58 1 2 2 61 40 55 40 30 45
503 59 1 2 2 62 25 50 30 30 25
503 60 1 2 2 63 45 60 40 35 40
503 61 1 2 2 64 45 65 45 50 45
503 62 1 2 2 65 40 40 60 35 40
503 63 1 2 2 66 40 50 55 45 50
503 64 1 2 2 67 40 50 35 30 35
503 66 1 2 2 68 40 60 40 40 40
503 67 1 2 2 69 45 45 55 40 40
503 68 1 2 2 70 55 65 55 40 55
503 69 1 2 2 71 45 40 45 55 40
503 71 1 2 2 72 40 60 40 35 40
503 72 1 2 2 73 40 45 40 35 35
503 73 1 2 2 74 45 60 50 30 40
503 74 1 2 2 75 50 65 50 35 50
503 75 1 2 2 76 55 60 50 35 50
503 77 1 2 2 77 55 65 50 50 55
503 78 1 2 2 78 55 45 55 40 45
503 79 1 2 2 79 50 60 50 40 50
503 80 1 2 2 80 35 55 30 25 25
503 00 1 0 0 00 35 55 30 55 30
503 02 1 2 3 01 30 40 30 30 30
503 04 1 2 3 02 35 45 35 35 35
503 09 1 2 3 03 75 80 75 70 75
503 11 1 2 3 04 45 50 45 60 45
503 22 1 2 3 05 15 40 20 15 15
503 39 1 2 3 06 30 40 30 30 30
503 40 1 2 3 07 40 45 40 50 40
503 46 1 2 3 08 20 20 20 20 20
503 13 1 2 3 09 40 45 65 40 40
503 76 1 2 3 10 20 50 10 20 20
503 43 1 2 3 11 10 35 15 10 10
503 54 1 2 3 12 70 60 60 70 65
503 01 1 2 3 13 40 50 30 45 40
503 07 1 2 3 14 55 60 50 50 55
503 14 1 2 3 15 40 65 60 50 50
503 30 1 2 3 16 35 50 35 45 35
503 37 1 2 3 17 10 35 10 05 10
503 50 1 2 3 18 40 50 55 65 40
503 52 1 2 3 19 35 40 40 40 40
503 65 1 2 3 20 45 50 40 50 35
503 70 1 2 3 21 35 60 35 40 35
503 38 1 2 3 22 
503 42 1 2 3 23 45 50 40 60 45
503 03 1 2 3 24
503 05 1 2 3 25 40 50 35 50 40
503 06 1 2 3 26 30 40 30 30 30
503 08 1 2 3 27 35 45 30 30 30
503 10 1 2 3 28 40 45 40 55 40
503 12 1 2 3 29 45 55 30 45 45
503 15 1 2 3 30 85 70 65 95 85
503 16 1 2 3 31 25 55 15 20 25
503 17 1 2 3 32 50 75 40 50 50
503 18 1 2 3 33 20 50 20 20 20
503 19 1 2 3 34 40 60 45 35 40
503 20 1 2 3 35 70 70 70 65 70
503 21 1 2 3 36 55 50 50 60 55
503 23 1 2 3 37 55 55 55 60 55
503 24 1 2 3 38 30 10 30 30 30
503 25 1 2 3 39 55 60 45 60 55
503 26 1 2 3 40 35 55 30 35 35
503 27 1 2 3 41 90 80 90 95 90
503 28 1 2 3 42 30 40 30 30 30
503 29 1 2 3 43 50 60 45 55 55
503 31 1 2 3 44 55 55 55 55 55
503 32 1 2 3 45 35 35 70 35 35
503 33 1 2 3 46 60 60 55 55 60
503 34 1 2 3 47 50 55 50 50 50
503 35 1 2 3 48 65 75 70 65 65
503 36 1 2 3 49 40 60 35 40 40
503 41 1 2 3 50 40 55 30 40 40
503 44 1 2 3 51 45 55 35 45 45
503 45 1 2 3 52 50 60 30 50 50
503 47 1 2 3 53 60 65 60 65 60
503 48 1 2 3 54 35 50 40 35 40
503 49 1 2 3 55 50 55 45 60 50
503 51 1 2 3 56 65 65 60 65 65
503 53 1 2 3 57 30 45 25 30 30
503 55 1 2 3 58 60 50 50 60 60
503 56 1 2 3 59 50 55 60 50 50
503 57 1 2 3 60 70 65 45 75 70
503 58 1 2 3 61 55 65 45 55 55
503 59 1 2 3 62 55 50 40 55 55
503 60 1 2 3 63 40 80 45 60 40
503 61 1 2 3 64 35 50 30 30 35
503 62 1 2 3 65 25 55 20 25 25
503 63 1 2 3 66 30 55 30 30 30
503 64 1 2 3 67 45 60 45 40 45
503 66 1 2 3 68 60 60 55 70 60
503 67 1 2 3 69 35 50 40 40 35
503 68 1 2 3 70 60 70 50 65 60
503 69 1 2 3 71 45 55 45 45 45
503 71 1 2 3 72 30 60 30 30 30
503 72 1 2 3 73 55 55 55 70 55
503 73 1 2 3 74 55 60 50 55 55
503 74 1 2 3 75 25 40 25 25 25
503 75 1 2 3 76 55 50 40 60 55
503 77 1 2 3 77 70 65 65 80 70
503 78 1 2 3 78 60 65 55 60 60
503 79 1 2 3 79 55 70 50 65 55
503 80 1 2 3 80 40 40 40 35 40
504 00 1 0 0 00 45 50 40 40 40
504 02 1 1 1 01 50 55 45 45 50
504 04 1 1 1 02 35 35 40 40 35
504 09 1 1 1 03 45 55 30 30 30
504 11 1 1 1 04 55 50 55 55 50
504 22 1 1 1 05 50 55 60 40 40
504 39 1 1 1 06 50 50 50 45 45
504 40 1 1 1 07 45 60 55 55 50
504 46 1 1 1 08 60 55 60 55 55
504 13 1 1 1 09 30 50 45 40 55
504 76 1 1 1 10 45 50 50 50 50
504 43 1 1 1 11 45 50 55 55 50
504 54 1 1 1 12 45 50 60 45 40
504 01 1 1 1 13 40 50 45 35 50
504 07 1 1 1 14 50 50 55 55 55
504 14 1 1 1 15 55 70 60 50 50
504 30 1 1 1 16 50 55 60 55 55
504 37 1 1 1 17 40 40 45 35 50
504 50 1 1 1 18 55 50 55 45 40
504 52 1 1 1 19 60 40 40 50 50
504 65 1 1 1 20 60 50 40 40 50
504 70 1 1 1 21 55 60 45 60 60
504 38 1 1 1 22 45 65 60 45 40
504 42 1 1 1 23 55 60 55 50 55
504 03 1 1 1 24 60 60 55 55 60
504 05 1 1 1 25 40 45 35 35 50
504 06 1 1 1 26 35 40 30 30 55
504 08 1 1 1 27 40 60 40 35 45
504 10 1 1 1 28 55 55 50 55 60
504 12 1 1 1 29 45 60 40 40 45
504 15 1 1 1 30 45 65 55 60 50
504 16 1 1 1 31 40 40 45 40 40
504 17 1 1 1 32 60 60 50 60 65
504 18 1 1 1 33 45 60 55 60 55
504 19 1 1 1 34 60 60 55 55 55
504 20 1 1 1 35 60 60 55 60 65
504 21 1 1 1 36 55 55 50 55 55
504 23 1 1 1 37 60 60 60 55 55
504 24 1 1 1 38 40 60 40 35 60
504 25 1 1 1 39 40 70 55 45 55
504 26 1 1 1 40 60 60 50 55 60
504 27 1 1 1 41 55 60 65 60 60
504 28 1 1 1 42 40 70 50 40 45
504 29 1 1 1 43 60 70 55 55 60
504 31 1 1 1 44 40 60 50 40 45
504 32 1 1 1 45 55 60 50 45 55
504 33 1 1 1 46 30 40 35 40 50
504 34 1 1 1 47 45 70 50 45 55
504 35 1 1 1 48 50 60 55 60 55
504 36 1 1 1 49 55 70 55 55 55
504 41 1 1 1 50 55 60 50 60 60
504 44 1 1 1 51 40 50 45 35 55
504 45 1 1 1 52 55 60 55 45 65
504 47 1 1 1 53 55 60 50 50 55
504 48 1 1 1 54 55 70 55 50 55
504 49 1 1 1 55 50 60 55 60 60
504 51 1 1 1 56 60 65 55 50 60
504 53 1 1 1 57 55 70 60 55 60
504 55 1 1 1 58 55 65 75 55 45
504 56 1 1 1 59 60 70 70 55 55
504 57 1 1 1 60 55 65 55 45 60
504 58 1 1 1 61 55 70 60 55 60
504 59 1 1 1 62 60 65 50 55 65
504 60 1 1 1 63 60 65 55 55 50
504 61 1 1 1 64 60 65 55 40 50
504 62 1 1 1 65 40 60 45 35 55
504 63 1 1 1 66 60 65 55 55 60
504 64 1 1 1 67 45 65 55 50 50
504 66 1 1 1 68 55 70 55 50 55
504 67 1 1 1 69 60 70 60 55 60
504 68 1 1 1 70 60 70 55 55 60
504 69 1 1 1 71 50 60 55 45 45
504 71 1 1 1 72 55 70 55 45 55
504 72 1 1 1 73 50 70 45 40 40
504 73 1 1 1 74 55 60 65 60 60
504 74 1 1 1 75 55 70 55 45 55
504 75 1 1 1 76 60 70 60 60 60
504 77 1 1 1 77 55 70 60 45 45
504 78 1 1 1 78 55 75 60 45 60
504 79 1 1 1 79 55 70 55 60 65
504 80 1 1 1 80 50 70 60 55 50
504 00 1 0 0 00 55 50 40 40 55
504 02 1 1 2 01 55 55 60 60 50
504 04 1 1 2 02 45 45 40 45 45
504 09 1 1 2 03 50 60 45 40 50
504 11 1 1 2 04 45 60 55 55 50
504 22 1 1 2 05 40 55 45 45 40
504 39 1 1 2 06 50 55 55 50 50
504 40 1 1 2 07 55 60 55 45 40
504 46 1 1 2 08 45 55 55 45 45
504 13 1 1 2 09 50 55 55 50 50
504 76 1 1 2 10 40 45 40 45 45
504 43 1 1 2 11 60 60 55 55 55
504 54 1 1 2 12 45 55 40 40 40
504 01 1 1 2 13 55 60 60 55 55
504 07 1 1 2 14 50 60 55 45 50
504 14 1 1 2 15 45 50 55 55 60
504 30 1 1 2 16 40 45 55 35 30
504 37 1 1 2 17 50 60 60 45 50
504 50 1 1 2 18 40 55 40 50 40
504 52 1 1 2 19 55 60 55 45 50
504 65 1 1 2 20 40 45 40 45 45
504 70 1 1 2 21 55 55 55 45 50
504 38 1 1 2 22 40 65 55 45 55
504 42 1 1 2 23 40 60 50 45 40
504 03 1 1 2 24 55 65 55 55 60
504 05 1 1 2 25 40 55 35 35 40
504 06 1 1 2 26 30 60 30 30 35
504 08 1 1 2 27 40 55 55 50 45
504 10 1 1 2 28 60 60 50 50 60
504 12 1 1 2 29 50 65 55 45 55
504 15 1 1 2 30 55 50 55 45 50
504 16 1 1 2 31 45 40 40 35 40
504 17 1 1 2 32 60 65 55 60 70
504 18 1 1 2 33 60 60 65 55 45
504 19 1 1 2 34 45 55 45 45 55
504 20 1 1 2 35 60 60 65 60 55
504 21 1 1 2 36 55 50 60 45 50
504 23 1 1 2 37 40 60 55 50 45
504 24 1 1 2 38 50 70 55 55 55
504 25 1 1 2 39 55 60 65 55 55
504 26 1 1 2 40 55 35 55 60 60
504 27 1 1 2 41 50 60 55 65 55
504 28 1 1 2 42 40 40 35 35 40
504 29 1 1 2 43 70 65 60 65 65
504 31 1 1 2 44 55 60 55 55 60
504 32 1 1 2 45 30 40 45 40 50
504 33 1 1 2 46 50 55 50 50 55
504 34 1 1 2 47 55 60 50 40 55
504 35 1 1 2 48 30 40 45 40 30
504 36 1 1 2 49 45 60 55 50 55
504 41 1 1 2 50 60 65 60 60 65
504 44 1 1 2 51 40 65 50 45 40
504 45 1 1 2 52 55 60 55 55 50
504 47 1 1 2 53 55 60 55 50 60
504 48 1 1 2 54 55 60 55 40 40
504 49 1 1 2 55 60 60 50 45 45
504 51 1 1 2 56 35 50 40 40 55
504 53 1 1 2 57 55 45 40 45 55
504 55 1 1 2 58 40 55 60 45 35
504 56 1 1 2 59 45 60 60 50 45
504 57 1 1 2 60 60 65 55 50 55
504 58 1 1 2 61 55 60 55 50 50
504 59 1 1 2 62 50 60 55 55 55
504 60 1 1 2 63 45 55 60 45 40
504 61 1 1 2 64 40 45 45 40 40
504 62 1 1 2 65 30 35 40 40 30
504 63 1 1 2 66 60 55 50 55 60
504 64 1 1 2 67 60 60 55 55 55
504 66 1 1 2 68 55 60 55 55 55
504 67 1 1 2 69 60 60 60 60 65
504 68 1 1 2 70 55 60 65 60 60
504 69 1 1 2 71 45 55 50 45 40
504 71 1 1 2 72 55 65 45 40 40
504 72 1 1 2 73 40 45 55 55 40
504 73 1 1 2 74 60 60 55 65 60
504 74 1 1 2 75 55 60 55 55 60
504 75 1 1 2 76 45 60 55 55 40
504 77 1 1 2 77 50 60 70 60 55
504 78 1 1 2 78 55 60 60 65 55
504 79 1 1 2 79 60 60 55 55 60
504 80 1 1 2 80 45 60 50 55 40
504 00 1 0 0 00 30 50 30 25 20
504 02 1 1 3 01 60 70 30 40 70
504 04 1 1 3 02 70 60 70 80 70
504 09 1 1 3 03 30 35 20 15 25
504 11 1 1 3 04 80 60 80 85 80
504 22 1 1 3 05 70 75 75 80 70
504 39 1 1 3 06 30 30 20 30 40
504 40 1 1 3 07 75 70 35 75 75
504 46 1 1 3 08 80 70 75 75 70
504 13 1 1 3 09 65 75 65 60 75
504 76 1 1 3 10 20 20 30 20 15
504 43 1 1 3 11 15 60 20 15 25
504 54 1 1 3 12 70 60 80 85 80
504 01 1 1 3 13 65 55 25 30 30
504 07 1 1 3 14 25 65 30 20 20
504 14 1 1 3 15 30 55 20 15 35
504 30 1 1 3 16 25 35 20 30 25
504 37 1 1 3 17 15 65 20 15 25
504 50 1 1 3 18 65 55 75 70 65
504 52 1 1 3 19 20 70 25 30 25
504 65 1 1 3 20 30 65 40 60 65
504 70 1 1 3 21 55 60 40 35 30
504 38 1 1 3 22 60 65 70 65 65
504 42 1 1 3 23 65 75 75 80 65
504 03 1 1 3 24 60 65 75 60 65
504 05 1 1 3 25 25 50 20 15 20
504 06 1 1 3 26 15 20 15 15 15
504 08 1 1 3 27 25 30 20 15 15
504 10 1 1 3 28 65 70 25 20 25
504 12 1 1 3 29 30 70 25 20 30
504 15 1 1 3 30 85 55 90 90 85
504 16 1 1 3 31 15 20 15 15 25
504 17 1 1 3 32 75 40 30 75 90
504 18 1 1 3 33 75 70 70 85 80
504 19 1 1 3 34 30 40 20 20 15
504 20 1 1 3 35 80 60 90 90 90
504 21 1 1 3 36 40 55 25 20 30
504 23 1 1 3 37 30 70 55 25 35
504 24 1 1 3 38 70 65 75 15 40
504 25 1 1 3 39 20 75 30 20 15
504 26 1 1 3 40 30 60 30 25 40
504 27 1 1 3 41 80 35 95 95 95
504 28 1 1 3 42 20 65 15 15 20
504 29 1 1 3 43 15 55 20 20 35
504 31 1 1 3 44 60 60 40 70 60
504 32 1 1 3 45 20 70 20 15 20
504 33 1 1 3 46 25 60 15 15 35
504 34 1 1 3 47 30 65 20 25 20
504 35 1 1 3 48 15 30 15 10 10
504 36 1 1 3 49 20 35 25 20 40
504 41 1 1 3 50 15 30 15 10 15
504 44 1 1 3 51 30 55 20 15 15
504 45 1 1 3 52 20 35 20 20 20
504 47 1 1 3 53 30 40 55 25 35
504 48 1 1 3 54 30 75 35 25 40
504 49 1 1 3 55 20 35 25 15 20
504 51 1 1 3 56 40 60 30 60 60
504 53 1 1 3 57 35 70 40 35 40
504 55 1 1 3 58 20 30 60 65 60
504 56 1 1 3 59 60 70 60 75 70
504 57 1 1 3 60 75 70 75 65 75
504 58 1 1 3 61 30 40 60 40 65
504 59 1 1 3 62 80 60 70 80 80
504 60 1 1 3 63 30 55 55 30 40
504 61 1 1 3 64 30 30 25 15 15
504 62 1 1 3 65 15 25 15 10 15
504 63 1 1 3 66 65 65 35 20 65
504 64 1 1 3 67 30 75 20 35 40
504 66 1 1 3 68 65 70 25 45 35
504 67 1 1 3 69 65 40 35 70 65
504 68 1 1 3 70 40 70 55 75 75
504 69 1 1 3 71 20 30 15 15 15
504 71 1 1 3 72 20 60 35 30 40
504 72 1 1 3 73 65 60 65 40 30
504 73 1 1 3 74 70 70 75 75 65
504 74 1 1 3 75 30 40 20 20 20
504 75 1 1 3 76 65 60 60 80 70
504 77 1 1 3 77 35 50 30 30 20
504 78 1 1 3 78 70 70 30 65 60
504 79 1 1 3 79 75 70 60 65 65
504 80 1 1 3 80 65 70 55 65 60
505 00 1 0 0 00 60 65 60 60 55
505 02 1 2 1 01 35 35 35 35 35
505 04 1 2 1 02 30 30 30 20 30
505 09 1 2 1 03 60 60 65 65 60
505 11 1 2 1 04 40 40 35 40 40
505 22 1 2 1 05 30 55 55 40 40
505 39 1 2 1 06 30 30 30 30 30
505 40 1 2 1 07 30 30 30 30 30
505 46 1 2 1 08 55 60 60 60 55
505 13 1 2 1 09 40 40 40 40 40
505 76 1 2 1 10 60 60 65 60 60
505 43 1 2 1 11 30 30 30 30 30
505 54 1 2 1 12 30 30 30 20 30
505 01 1 2 1 13 55 55 55 55 55
505 07 1 2 1 14 55 55 70 55 55
505 14 1 2 1 15 55 55 60 55 55
505 30 1 2 1 16 65 65 70 65 65
505 37 1 2 1 17 40 40 40 40 40
505 50 1 2 1 18 45 45 45 45 45
505 52 1 2 1 19 60 70 70 60 60
505 65 1 2 1 20 50 50 65 65 50
505 70 1 2 1 21 55 55 60 55 55
505 38 1 2 1 22 40 40 40 55 40
505 42 1 2 1 23 40 40 40 40 40
505 03 1 2 1 24 60 60 65 60 60
505 05 1 2 1 25 55 55 55 55 55
505 06 1 2 1 26 55 55 55 55 55
505 08 1 2 1 27 55 55 65 65 50
505 10 1 2 1 28 70 70 70 70 70
505 12 1 2 1 29 60 70 65 60 60
505 15 1 2 1 30 45 45 45 45 45
505 16 1 2 1 31 60 60 60 60 60
505 17 1 2 1 32 60 60 60 60 60
505 18 1 2 1 33 40 65 60 35 35
505 19 1 2 1 34 35 35 65 35 35
505 20 1 2 1 35 50 50 65 35 50
505 21 1 2 1 36 45 45 45 45 45
505 23 1 2 1 37 60 60 60 60 60
505 24 1 2 1 38 65 65 75 65 65
505 25 1 2 1 39 45 65 65 35 35
505 26 1 2 1 40 40 40 40 40 40
505 27 1 2 1 41 30 45 30 30 30
505 28 1 2 1 42 60 60 60 60 60
505 29 1 2 1 43 45 45 45 45 45
505 31 1 2 1 44 60 60 60 60 60
505 32 1 2 1 45 55 55 55 55 55
505 33 1 2 1 46 55 55 55 55 55
505 34 1 2 1 47 60 60 60 60 60
505 35 1 2 1 48 40 40 40 40 40
505 36 1 2 1 49 30 30 30 30 30
505 41 1 2 1 50 65 65 65 65 65
505 44 1 2 1 51 60 60 60 60 60
505 45 1 2 1 52 45 45 45 45 45
505 47 1 2 1 53 60 60 60 60 60
505 48 1 2 1 54 35 25 35 35 35
505 49 1 2 1 55 45 45 45 45 45
505 51 1 2 1 56 40 40 40 40 40
505 53 1 2 1 57 60 60 60 60 60
505 55 1 2 1 58 45 45 45 45 45
505 56 1 2 1 59 65 65 70 55 55
505 57 1 2 1 60 60 60 65 60 60
505 58 1 2 1 61 55 55 60 55 55
505 59 1 2 1 62 45 45 45 45 45
505 60 1 2 1 63 55 60    55 55
505 61 1 2 1 64 55 55 55 55 55
505 62 1 2 1 65 45 45 45 45 45
505 63 1 2 1 66 40 60 40 40 40
505 64 1 2 1 67 55 55 70 55 55
505 66 1 2 1 68 40 40 40 40 40
505 67 1 2 1 69 55 55 55 55 55
505 68 1 2 1 70 60 60 65 60 60
505 69 1 2 1 71 40 40 40 40 40
505 71 1 2 1 72 60 60 70 60 60
505 72 1 2 1 73 55 55 55 55 55
505 73 1 2 1 74 60 60 60 60 60
505 74 1 2 1 75 60 70 60 60 60
505 75 1 2 1 76 55 55 55 65 55
505 77 1 2 1 77 55 55 55 55 55
505 78 1 2 1 78 55 55 60 55 55
505 79 1 2 1 79 60 60 60 60 60
505 80 1 2 1 80 40 35 40 40 40
505 00 1 0 0 00 65 65 65 70 55
505 02 1 2 2 01 60 60 60 60 60
505 04 1 2 2 02 55 55 55 55 55
505 09 1 2 2 03 50 50 60 60 50
505 11 1 2 2 04 65 65 65 65 65
505 22 1 2 2 05 45 45 60 45 45
505 39 1 2 2 06 60 60 60 60 60
505 40 1 2 2 07 45 45 60 45 45
505 46 1 2 2 08 50 50 60 50 50
505 13 1 2 2 09 65 65 65 65 65
505 76 1 2 2 10 40 40 50 40 40
505 43 1 2 2 11 45 45 55 45 45
505 54 1 2 2 12 45 45 60 45 45
505 01 1 2 2 13 50 50 65 50 50
505 07 1 2 2 14 45 45 55 45 45
505 14 1 2 2 15 55 55 55 55 55
505 30 1 2 2 16 50 60 60 60 50
505 37 1 2 2 17 45 45 65 50 50
505 50 1 2 2 18 55 55 55 60 55
505 52 1 2 2 19 60 60 60 60 60
505 65 1 2 2 20 50 55 60 50 50
505 70 1 2 2 21 50 50 60 50 50
505 38 1 2 2 22 45 45 60 45 45
505 42 1 2 2 23 40 40 60 45 45
505 03 1 2 2 24 55 55 65 55 50
505 05 1 2 2 25 45 45 60 50 45
505 06 1 2 2 26 60 60 60 60 60
505 08 1 2 2 27 60 60 65 60 60
505 10 1 2 2 28 55 55 65 55 55
505 12 1 2 2 29 55 55 60 55 55
505 15 1 2 2 30 55 55 55 55 55
505 16 1 2 2 31 45 45 60 45 45
505 17 1 2 2 32 55 55 60 55 55
505 18 1 2 2 33 45 45 60 40 45
505 19 1 2 2 34 55 55 60 55 55
505 20 1 2 2 35 55 55 60 55 55
505 21 1 2 2 36 55 50 65 60 55
505 23 1 2 2 37 55 55 65 60 55
505 24 1 2 2 38 55 55 70 55 55
505 25 1 2 2 39 45 45 60 45 45
505 26 1 2 2 40 45 45 65 45 40
505 27 1 2 2 41 50 50 50 60 50
505 28 1 2 2 42 55 55 45 45 50
505 29 1 2 2 43 40 40 40 40 40
505 31 1 2 2 44 55 55 60 60 55
505 32 1 2 2 45 55 55 60 55 55
505 33 1 2 2 46 40 40 40 50 40
505 34 1 2 2 47 45 45 55 45 45
505 35 1 2 2 48 55 55 55 40 55
505 36 1 2 2 49 40 40 55 40 40
505 41 1 2 2 50 60 55 60 60 55
505 44 1 2 2 51 55 55 60 55 55
505 45 1 2 2 52 45 45 50 45 45
505 47 1 2 2 53 60 55 55 60 55
505 48 1 2 2 54 45 45 60 45 45
505 49 1 2 2 55 55 55 60 60 55
505 51 1 2 2 56 45 45 65 50 45
505 53 1 2 2 57 55 55 60 60 55
505 55 1 2 2 58 60 60 65 65 60
505 56 1 2 2 59 40 50 60 40 40
505 57 1 2 2 60 55 55 60 60 50
505 58 1 2 2 61 55 55 60 60 55
505 59 1 2 2 62 40 40 55 55 45
505 60 1 2 2 63 45 45 60 45 45
505 61 1 2 2 64 55 55 55 60 55
505 62 1 2 2 65 55 60 50 50 60
505 63 1 2 2 66 55 55 50 60 60
505 64 1 2 2 67 45 45 60 45 45
505 66 1 2 2 68 55 55 60 60 55
505 67 1 2 2 69 45 45 60 45 45
505 68 1 2 2 70 55 55 65 60 55
505 69 1 2 2 71 60 60 50 60 60
505 71 1 2 2 72 55 55 65 60 55
505 72 1 2 2 73 45 45 60 45 45
505 73 1 2 2 74 55 55 65 60 55
505 74 1 2 2 75 60 60 60 60 60
505 75 1 2 2 76 60 60 65 50 60
505 77 1 2 2 77 55 55 65 45 60
505 78 1 2 2 78 55 55 65 55 55
505 79 1 2 2 79 60 60 60 60 60
505 80 1 2 2 80 40 40 45 40 40
505 00 1 0 0 00 70 80 80 75 60
505 02 1 2 3 01 60 60 65 65 60
505 04 1 2 3 02 75 60 60 70 70
505 09 1 2 3 03 70 60 80 90 75
505 11 1 2 3 04 70 65 60 70 70
505 22 1 2 3 05 30 60 30 30 30
505 39 1 2 3 06 40 60 55 30 40
505 40 1 2 3 07 65 65 60 70 65
505 46 1 2 3 08 30 40 45 30 30
505 13 1 2 3 09 40 60 60 55 45
505 76 1 2 3 10 70 60 55 70 70
505 43 1 2 3 11 20 55 30 20 20
505 54 1 2 3 12 65 60 65 65 60
505 01 1 2 3 13 
505 07 1 2 3 14 60 60 40 55 60
505 14 1 2 3 15 60 60 65 65 60
505 30 1 2 3 16 70 60 90 80 70
505 37 1 2 3 17 15 60 35 20 30
505 50 1 2 3 18 35 40 30 30 35
505 52 1 2 3 19 55 60 65 55 55
505 65 1 2 3 20 65 65 60 65 60
505 70 1 2 3 21 55 60 40 55 55
505 38 1 2 3 22 70 55 55 65 70
505 42 1 2 3 23 45 60 30 40 45
505 03 1 2 3 24 70 60 65 80 70
505 05 1 2 3 25 45 60 60 45 45
505 06 1 2 3 26 60 60 45 60 60
505 08 1 2 3 27 40 70 45 45 45
505 10 1 2 3 28 60 60 70 60 60
505 12 1 2 3 29 60 65 60 60 60
505 15 1 2 3 30 75 60 85 75 70
505 16 1 2 3 31 55 65 65 55 55
505 17 1 2 3 32 70 60 65 70 60
505 18 1 2 3 33 30 50 20 30 30
505 19 1 2 3 34 55 60 60 55 55
505 20 1 2 3 35 70 60 75 80 70
505 21 1 2 3 36 75 70 80 85 75
505 23 1 2 3 37 60 65 40 60 60
505 24 1 2 3 38 60 60 75 65 60
505 25 1 2 3 39 70 65 55 80 70
505 26 1 2 3 40 40 50 40 35 40
505 27 1 2 3 41 70 65 80 85 80
505 28 1 2 3 42 40 60 60 40 40
505 29 1 2 3 43 70 60 60 80 70
505 31 1 2 3 44 60 65 60 65 60
505 32 1 2 3 45 55 60 65 55 55
505 33 1 2 3 46 70 60 60 70 70
505 34 1 2 3 47 
505 35 1 2 3 48 75 70 60 75 70
505 36 1 2 3 49 55 65 65 60 55
505 41 1 2 3 50 40 60 55 30 40
505 44 1 2 3 51 55 60 60 65 55
505 45 1 2 3 52 70 60 70 70 60
505 47 1 2 3 53 80 60 70 85 80
505 48 1 2 3 54 30 55 55 30 30
505 49 1 2 3 55 65 65 80 60 60
505 51 1 2 3 56 60 65 60 65 60
505 53 1 2 3 57 40 60 40 30 40
505 55 1 2 3 58 40 50 60 55 50
505 56 1 2 3 59 55 60 70 60 55
505 57 1 2 3 60 60 65 65 65 60
505 58 1 2 3 61 60 65 70 65 60
505 59 1 2 3 62 70 65 55 70 60
505 60 1 2 3 63 45 50 35 45 45
505 61 1 2 3 64 40 60 40 40 40
505 62 1 2 3 65 40 65 60 40 40
505 63 1 2 3 66 40 40 35 35 40
505 64 1 2 3 67 45 55 75 65 45
505 66 1 2 3 68 60 60 65 65 60
505 67 1 2 3 69 80 60 60 70 70
505 68 1 2 3 70 60 65 85 70 60
505 69 1 2 3 71 40 50 70 40 40
505 71 1 2 3 72 
505 72 1 2 3 73 60 60 50 55 55
505 73 1 2 3 74 60 60 65 65 60
505 74 1 2 3 75 30 40 30 25 30
505 75 1 2 3 76 60 65 60 60 60
505 77 1 2 3 77 65 60 60 65 60
505 78 1 2 3 78 70 60 60 70 70
505 79 1 2 3 79 70 60 60 70 70
505 80 1 2 3 80 60 65 70 65 60
506 00 1 0 0 00 45 60 30 30 40
506 02 1 1 1 01 45 60 40 60 65
506 04 1 1 1 02 40 60 35 35 30
506 09 1 1 1 03 40 40 35 35 40
506 11 1 1 1 04 60 65 55 60 65
506 22 1 1 1 05 30 35 60 40 55
506 39 1 1 1 06 45 40 40 60 35
506 40 1 1 1 07 40 65 40 30 55
506 46 1 1 1 08 65 60 65 55 60
506 13 1 1 1 09 40 55 40 35 55
506 76 1 1 1 10 40 60 65 45 45
506 43 1 1 1 11 60 65 40 45 55
506 54 1 1 1 12 65 60 55 40 60
506 01 1 1 1 13 40 60 30 35 55
506 07 1 1 1 14 35 60 40 35 60
506 14 1 1 1 15 60 55 35 60 55
506 30 1 1 1 16 40 40 60 55 60
506 37 1 1 1 17 55 60 40 55 60
506 50 1 1 1 18 40 45 45 40 30
506 52 1 1 1 19 35 60 30 30 35
506 65 1 1 1 20 65 60 35 40 60
506 70 1 1 1 21 45 45 40 60 50
506 38 1 1 1 22 60 45 55 60 55
506 42 1 1 1 23 40 60 45 55 60
506 03 1 1 1 24 55 60 55 60 60
506 05 1 1 1 25 40 60 35 35 55
506 06 1 1 1 26 45 60 40 60 35
506 08 1 1 1 27 55 60 55 40 60
506 10 1 1 1 28 60 60 55 60 65
506 12 1 1 1 29 40 55 55 45 65
506 15 1 1 1 30 60 65 60 55 65
506 16 1 1 1 31 45 60 65 60 65
506 17 1 1 1 32 60 65 65 65 70
506 18 1 1 1 33 40 40 60 55 30
506 19 1 1 1 34 45 60 60 45 60
506 20 1 1 1 35 45 60 60 65 60
506 21 1 1 1 36 30 35 60 65 50
506 23 1 1 1 37 60 60 65 60 60
506 24 1 1 1 38 35 55 35 30 40
506 25 1 1 1 39 60 60 50 40 55
506 26 1 1 1 40 60 60 55 65 55
506 27 1 1 1 41 40 40 45 60 40
506 28 1 1 1 42 40 55 35 30 35
506 29 1 1 1 43 60 65 60 60 65
506 31 1 1 1 44 60 55 40 40 60
506 32 1 1 1 45 40 40 55 35 30
506 33 1 1 1 46 35 55 35 30 45
506 34 1 1 1 47 35 30 40 65 50
506 35 1 1 1 48 55 60 60 40 55
506 36 1 1 1 49 60 65 60 55 55
506 41 1 1 1 50 60 50 40 45 35
506 44 1 1 1 51 50 55 60 60 65
506 45 1 1 1 52 40 60 55 45 60
506 47 1 1 1 53 60 65 55 55 60
506 48 1 1 1 54 40 50 35 40 40
506 49 1 1 1 55 70 70 75 60 60
506 51 1 1 1 56 55 60 40 40 55
506 53 1 1 1 57 40 45 65 60 65
506 55 1 1 1 58 40 35 65 60 55
506 56 1 1 1 59 55 60 60 40 50
506 57 1 1 1 60 60 60 50 65 60
506 58 1 1 1 61 65 60 55 60 60
506 59 1 1 1 62 65 65 60 70 60
506 60 1 1 1 63 60 55 60 60 60
506 61 1 1 1 64 45 55 40 40 45
506 62 1 1 1 65 60 55 40 40 45
506 63 1 1 1 66 60 60 55 60 60
506 64 1 1 1 67 35 40 45 35 40
506 66 1 1 1 68 65 60 65 60 55
506 67 1 1 1 69 55 55 40 60 60
506 68 1 1 1 70 55 45 40 55 55
506 69 1 1 1 71 40 45 30 35 40
506 71 1 1 1 72 65 60 40 50 45
506 72 1 1 1 73 55 45 60 45 45
506 73 1 1 1 74 60 65 65 60 55
506 74 1 1 1 75 40 55 35 60 55
506 75 1 1 1 76 60 60 65 55 60
506 77 1 1 1 77 40 55 45 60 55
506 78 1 1 1 78 65 60 40 55 45
506 79 1 1 1 79 60 55 65 60 70
506 80 1 1 1 80 45 60 65 40 45
506 00 1 0 0 00 40 60 40 35 40
506 02 1 1 2 01 60 60 65 65 60
506 04 1 1 2 02 40 40 35 35 30
506 09 1 1 2 03 60 60 40 35 55
506 11 1 1 2 04 60 65 65 60 70
506 22 1 1 2 05 40 35 40 55 40
506 39 1 1 2 06 60 60 65 60 55
506 40 1 1 2 07 60 60 70 55 60
506 46 1 1 2 08 60 65 70 70 60
506 13 1 1 2 09 40 55 40 40 45
506 76 1 1 2 10 60 60 65 45 65
506 43 1 1 2 11 60 65 70 65 55
506 54 1 1 2 12 45 55 60 65 55
506 01 1 1 2 13 65 60 70 65 65
506 07 1 1 2 14 40 55 40 40 45
506 14 1 1 2 15 60 65 60 65 60
506 30 1 1 2 16 40 55 40 40 45
506 37 1 1 2 17 60 65 60 65 65
506 50 1 1 2 18 50 40 65 60 55
506 52 1 1 2 19 60 60 55 55 60
506 65 1 1 2 20 35 55 40 40 45
506 70 1 1 2 21 40 60 45 40 40
506 38 1 1 2 22 45 55 65 60 60
506 42 1 1 2 23 40 40 45 35 40
506 03 1 1 2 24 60 60 65 65 60
506 05 1 1 2 25 60 65 55 45 45
506 06 1 1 2 26 45 40 35 35 40
506 08 1 1 2 27 60 55 60 45 55
506 10 1 1 2 28 55 60 65 60 55
506 12 1 1 2 29 40 55 60 45 55
506 15 1 1 2 30 65 60 70 65 65
506 16 1 1 2 31 60 60 70 55 55
506 17 1 1 2 32 70 70 80 75 80
506 18 1 1 2 33 60 55 60 65 55
506 19 1 1 2 34 55 60 60 55 55
506 20 1 1 2 35 40 55 40 45 40
506 21 1 1 2 36 40 35 55 40 45
506 23 1 1 2 37 60 60 65 70 65
506 24 1 1 2 38 45 55 40 45 55
506 25 1 1 2 39 40 55 40 40 45
506 26 1 1 2 40 65 60 55 60 55
506 27 1 1 2 41 60 60 65 70 65
506 28 1 1 2 42 60 60 55 45 55
506 29 1 1 2 43 70 75 70 70 75
506 31 1 1 2 44 60 70 65 55 55
506 32 1 1 2 45 40 35 60 45 40
506 33 1 1 2 46 40 35 55 60 55
506 34 1 1 2 47 40 35 55 30 40
506 35 1 1 2 48 35 40 40 35 40
506 36 1 1 2 49 40 55 45 60 55
506 41 1 1 2 50 60 65 55 55 60
506 44 1 1 2 51 40 40 35 40 45
506 45 1 1 2 52 40 60 55 45 45
506 47 1 1 2 53 60 65 65 60 55
506 48 1 1 2 54 55 60 60 45 55
506 49 1 1 2 55 40 60 65 55 55
506 51 1 1 2 56 55 60 55 45 60
506 53 1 1 2 57 60 55 65 45 65
506 55 1 1 2 58 60 55 65 60 60
506 56 1 1 2 59 40 35 55 45 40
506 57 1 1 2 60 65 60 60 60 65
506 58 1 1 2 61 60 65 65 60 55
506 59 1 1 2 62 65 60 70 65 65
506 60 1 1 2 63 60 55 65 45 60
506 61 1 1 2 64 40 55 35 35 45
506 62 1 1 2 65 40 55 55 40 55
506 63 1 1 2 66 55 65 45 40 55
506 64 1 1 2 67 35 40 40 35 40
506 66 1 1 2 68 55 60 55 45 55
506 67 1 1 2 69 60 65 45 55 55
506 68 1 1 2 70 45 55 60 60 55
506 69 1 1 2 71 60 65 65 55 55
506 71 1 1 2 72 40 35 40 45 40
506 72 1 1 2 73 60 55 65 60 65
506 73 1 1 2 74 40 35 55 45 40
506 74 1 1 2 75 55 60 45 60 55
506 75 1 1 2 76 60 65 65 45 55
506 77 1 1 2 77 55 60 45 60 60
506 78 1 1 2 78 65 65 60 60 65
506 79 1 1 2 79 55 65 70 65 60
506 80 1 1 2 80 40 55 55 40 45
506 00 1 0 0 00 55 60 40 35 40
506 02 1 1 3 01 65 70 55 55 60
506 04 1 1 3 02 65 60 55 70 65
506 09 1 1 3 03 35 45 25 30 35
506 11 1 1 3 04 60 55 65 75 60
506 22 1 1 3 05 40 35 25 20 30
506 39 1 1 3 06 40 45 35 40 35
506 40 1 1 3 07 55 60 40 45 60
506 46 1 1 3 08 55 50 35 60 55
506 13 1 1 3 09 60 55 45 65 55
506 76 1 1 3 10 60 60 65 40 55
506 43 1 1 3 11 40 55 55 35 40
506 54 1 1 3 12 60 40 70 65 60
506 01 1 1 3 13 35 55 40 30 55
506 07 1 1 3 14 55 40 35 30 35
506 14 1 1 3 15 65 60 55 60 70
506 30 1 1 3 16 40 45 30 30 40
506 37 1 1 3 17 40 35 40 55 55
506 50 1 1 3 18 60 55 65 60 60
506 52 1 1 3 19 35 40 35 30 35
506 65 1 1 3 20 40 60 35 35 40
506 70 1 1 3 21 65 70 55 60 65
506 38 1 1 3 22 65 40 70 60 55
506 42 1 1 3 23 40 35 30 35 45
506 03 1 1 3 24 60 65 55 55 60
506 05 1 1 3 25 60 70 55 60 60
506 06 1 1 3 26 60 65 40 65 55
506 08 1 1 3 27 60 55 60 55 65
506 10 1 1 3 28 65 65 55 45 60
506 12 1 1 3 29 35 55 30 35 55
506 15 1 1 3 30 65 65 50 70 65
506 16 1 1 3 31 55 45 35 30 35
506 17 1 1 3 32 65 60 70 75 65
506 18 1 1 3 33 65 60 60 75 65
506 19 1 1 3 34 40 45 35 55 60
506 20 1 1 3 35 70 75 55 65 65
506 21 1 1 3 36 55 55 40 60 65
506 23 1 1 3 37 55 40 45 55 60
506 24 1 1 3 38 40 35 30 40 35
506 25 1 1 3 39 55 60 40 35 45
506 26 1 1 3 40 55 70 55 50 60
506 27 1 1 3 41 55 40 65 60 55
506 28 1 1 3 42 40 45 30 35 40
506 29 1 1 3 43 55 45 35 40 55
506 31 1 1 3 44 60 65 55 60 55
506 32 1 1 3 45 55 45 40 35 55
506 33 1 1 3 46 60 65 40 45 50
506 34 1 1 3 47 40 35 25 30 35
506 35 1 1 3 48 35 40 60 30 35
506 36 1 1 3 49 55 60 45 35 45
506 41 1 1 3 50 45 40 35 35 40
506 44 1 1 3 51 40 35 45 40 40
506 45 1 1 3 52 60 45 40 35 40
506 47 1 1 3 53 60 55 55 40 45
506 48 1 1 3 54 55 60 60 40 40
506 49 1 1 3 55 40 45 55 40 35
506 51 1 1 3 56 65 55 50 45 60
506 53 1 1 3 57 40 35 55 55 60
506 55 1 1 3 58 55 40 60 45 55
506 56 1 1 3 59 65 55 55 60 55
506 57 1 1 3 60 65 65 55 60 60
506 58 1 1 3 61 60 65 45 45 55
506 59 1 1 3 62 65 60 60 60 65
506 60 1 1 3 63 35 30 35 30 25
506 61 1 1 3 64 55 60 40 35 35
506 62 1 1 3 65 55 60 55 40 35
506 63 1 1 3 66 65 60 35 40 60
506 64 1 1 3 67 35 40 25 25 30
506 66 1 1 3 68 65 70 40 45 60
506 67 1 1 3 69 65 70 60 55 60
506 68 1 1 3 70 55 60 55 65 70
506 69 1 1 3 71 55 65 40 40 45
506 71 1 1 3 72 55 65 55 45 45
506 72 1 1 3 73 40 35 45 40 50
506 73 1 1 3 74 65 60 55 65 70
506 74 1 1 3 75 55 60 40 35 35
506 75 1 1 3 76 55 60 55 65 60
506 77 1 1 3 77 45 50 55 40 45
506 78 1 1 3 78 55 65 45 60 60
506 79 1 1 3 79 55 65 60 55 60
506 80 1 1 3 80 60 55 50 45 50
507 00 0 0 0 00 50 45 55 35 60
507 02 0 2 1 01 45 40 40 40 35
507 04 0 2 1 02 55 60 60 65 45
507 09 0 2 1 03 40 40 40 35 35
507 11 0 2 1 04 45 45 50 50 45
507 22 0 2 1 05 40 40 37 45 37
507 39 0 2 1 06 65 55 35 55 40
507 40 0 2 1 07 35 40 40 40 35
507 46 0 2 1 08 40 40 40 35 35
507 13 0 2 1 09 60 55 55 55 40
507 76 0 2 1 10 35 32 32 35 37
507 43 0 2 1 11 35 35 35 40 35
507 54 0 2 1 12 40 40 55 45 35
507 01 0 2 1 13 40 45 40 40 40
507 07 0 2 1 14 45 50 45 55 40
507 14 0 2 1 15 40 35 35 35 35
507 30 0 2 1 16 35 40 37 35 35
507 37 0 2 1 17 45 50 55 55 47
507 50 0 2 1 18 37 40 57 55 35
507 52 0 2 1 19 35 35 35 35 35
507 65 0 2 1 20 40 40 40 40 42
507 70 0 2 1 21 35 35 35 35 45
507 38 0 2 1 22 55 50 55 60 35
507 42 0 2 1 23 40 40 40 40 35
507 03 0 2 1 24 40 45 50 55 35
507 05 0 2 1 25 55 50 40 55 45
507 06 0 2 1 26 35 37 40 40 37
507 08 0 2 1 27 35 35 35 35 35
507 10 0 2 1 28 57 50 60 60 40
507 12 0 2 1 29 35 40 40 45 40
507 15 0 2 1 30 45 45 40 45 35
507 16 0 2 1 31 45    50 55 35
507 17 0 2 1 32 45 35 40 45 40
507 18 0 2 1 33 40 40 40 40 40
507 19 0 2 1 34 40 40 40 40 40
507 20 0 2 1 35 35 40 50 40 35
507 21 0 2 1 36 40 45 40 40 40
507 23 0 2 1 37 
507 24 0 2 1 38 
507 25 0 2 1 39 35 40 35 35 35
507 26 0 2 1 40 45 50 45 40 37
507 27 0 2 1 41 60 50 65 50 40
507 28 0 2 1 42 40 40 40 50 40
507 29 0 2 1 43 45 45 45 45 40
507 31 0 2 1 44 45 45 45 45 45
507 32 0 2 1 45 45 40 50 50 40
507 33 0 2 1 46 40 40 45 45 40
507 34 0 2 1 47 40 40 40 50 40
507 35 0 2 1 48 40 40 45 60 35
507 36 0 2 1 49 40 40 40 50 40
507 41 0 2 1 50 40 35 40 55 40
507 44 0 2 1 51 35 45 35 40 35
507 45 0 2 1 52 50 40 45 55 35
507 47 0 2 1 53 45 45 40 47 40
507 48 0 2 1 54 40 45 40 50 40
507 49 0 2 1 55 40 40 40 45 40
507 51 0 2 1 56 40 35 45 55 40
507 53 0 2 1 57 40 50 55 50 45
507 55 0 2 1 58 40 45 45 55 37
507 56 0 2 1 59 40 40 40 45 45
507 57 0 2 1 60 50 45 45 50 45
507 58 0 2 1 61 40 45 35 40 45
507 59 0 2 1 62 40 37 45 50 45
507 60 0 2 1 63 40 60 40 40 40
507 61 0 2 1 64 35 40 37 35 35
507 62 0 2 1 65 40 40 40 40 40
507 63 0 2 1 66 40 37 37 40 40
507 64 0 2 1 67 35 45 45 50 45
507 66 0 2 1 68 40 45 37 40 40
507 67 0 2 1 69 40 40 45 50 35
507 68 0 2 1 70 35 35 37 35 37
507 69 0 2 1 71 40 45 40 47 40
507 71 0 2 1 72 35 35 35 40 35
507 72 0 2 1 73 40 40 40 45 40
507 73 0 2 1 74 35 35 37 40 40
507 74 0 2 1 75 40 40 50 50 40
507 75 0 2 1 76 35 40 40 45 37
507 77 0 2 1 77 45 40 55 45 50
507 78 0 2 1 78 40 40 50 40 40
507 79 0 2 1 79 45 50 60 50 40
507 80 0 2 1 80 55 45 50 50 40
507 00 0 0 0 00 35 45 45 35 35
507 02 0 2 2 01 65 60 65 60 55
507 04 0 2 2 02 45 40 40 45 35
507 09 0 2 2 03 65 65 65 50 60
507 11 0 2 2 04 40 55 45 40 50
507 22 0 2 2 05 40 40 35 40 40
507 39 0 2 2 06 30 35 35 35 30
507 40 0 2 2 07 35 35 45 45 35
507 46 0 2 2 08 55 65 60 55 40
507 13 0 2 2 09 
507 76 0 2 2 10 45 35 35 40 30
507 43 0 2 2 11 35 35 45 50 37
507 54 0 2 2 12 37 40 40 40 35
507 01 0 2 2 13 40 45 60 50 40
507 07 0 2 2 14 45 45 40 30 25
507 14 0 2 2 15 35 35 35 35 35
507 30 0 2 2 16 35 35 35 35 37
507 37 0 2 2 17 40 60 35 55 37
507 50 0 2 2 18 50 60 50 35 35
507 52 0 2 2 19 35 35 35 35 35
507 65 0 2 2 20 35 35 45 35 35
507 70 0 2 2 21 35 35 40 35 40
507 38 0 2 2 22 45 47 55 55 35
507 42 0 2 2 23 40 45 45 40 40
507 03 0 2 2 24 35 40 50 35 45
507 05 0 2 2 25 50 50 55 40 35
507 06 0 2 2 26 35 35 35 37 30
507 08 0 2 2 27 45 50 50 35 40
507 10 0 2 2 28 35 35 40 35 30
507 12 0 2 2 29 35 35 35 35 35
507 15 0 2 2 30 35 40 35 40 35
507 16 0 2 2 31 40 40 35 35 30
507 17 0 2 2 32 35 45 40 35 35
507 18 0 2 2 33 35 35 35 35 35
507 19 0 2 2 34 35    40 40 37
507 20 0 2 2 35 35 35 45 35 35
507 21 0 2 2 36 35 40 45 35 35
507 23 0 2 2 37 40 40 45 35 35
507 24 0 2 2 38 35 35 35 40 35
507 25 0 2 2 39 40 40 45 40 45
507 26 0 2 2 40 35 30 35 35 30
507 27 0 2 2 41 50 55 55 35 55
507 28 0 2 2 42 35 45 40 37 35
507 29 0 2 2 43 37 35 37 40 35
507 31 0 2 2 44 35 35 35 35 35
507 32 0 2 2 45 35 37 35 35 30
507 33 0 2 2 46 35 25 30 35 30
507 34 0 2 2 47 35    40 40 35
507 35 0 2 2 48 40 50 37 40 40
507 36 0 2 2 49 35 35 35 45 30
507 41 0 2 2 50 35 35 35 35 35
507 44 0 2 2 51 40 35 35 35 35
507 45 0 2 2 52 35 35 40 35 32
507 47 0 2 2 53 60 50 45 60 45
507 48 0 2 2 54 55 60 50 50 60
507 49 0 2 2 55 40 37 40 40 40
507 51 0 2 2 56 35 45 37 55 40
507 53 0 2 2 57 60 45 45 50 40
507 55 0 2 2 58 35 35 40 40 35
507 56 0 2 2 59 35 55 35 40 35
507 57 0 2 2 60 35 35 35 35 35
507 58 0 2 2 61 35 45 45 40 35
507 59 0 2 2 62 55 55 45 45 40
507 60 0 2 2 63 45 47 50 35 45
507 61 0 2 2 64 37 25 35 30 20
507 62 0 2 2 65 45 60 47 30 35
507 63 0 2 2 66 45 50 37 55 25
507 64 0 2 2 67 35 35 35 35 35
507 66 0 2 2 68 40 35 35 40 35
507 67 0 2 2 69 45 37 50 50 35
507 68 0 2 2 70 35 37 40 37 35
507 69 0 2 2 71 45 35 45 45 40
507 71 0 2 2 72 45 40 45 50 50
507 72 0 2 2 73 40 40 45 35 45
507 73 0 2 2 74 50 45 45 50 35
507 74 0 2 2 75 35    45 37 37
507 75 0 2 2 76 40 37 35 30 35
507 77 0 2 2 77 35 35 45 35 45
507 78 0 2 2 78 35 45 37 35 35
507 79 0 2 2 79 35 30 30 35 37
507 80 0 2 2 80 40 40 40 35 35
507 00 0 0 0 00 65 40 45 60 45
507 02 0 2 3 01 45 45 40 40 45
507 04 0 2 3 02 
507 09 0 2 3 03 60 65 55 65 45
507 11 0 2 3 04 75 80 85 85 85
507 22 0 2 3 05 45 40 45 50 40
507 39 0 2 3 06 35 35 30 35 35
507 40 0 2 3 07 45 40 40 35 35
507 46 0 2 3 08 35 30 30 35 35
507 13 0 2 3 09 
507 76 0 2 3 10 55 40 35 35 45
507 43 0 2 3 11 45 40 30 40 45
507 54 0 2 3 12 60 50 50 45 45
507 01 0 2 3 13 35 45 50 45 40
507 07 0 2 3 14 55 45 30 35 35
507 14 0 2 3 15 40 40 45 45 45
507 30 0 2 3 16 35 25 25 25 20
507 37 0 2 3 17 30 25 35 40 35
507 50 0 2 3 18 25 35 30 40 25
507 52 0 2 3 19 50 40 45 40 35
507 65 0 2 3 20 45 35 35 30 40
507 70 0 2 3 21 55 50 40 45 55
507 38 0 2 3 22 30 35 25 20 
507 42 0 2 3 23 35 45 40 40 45
507 03 0 2 3 24 30 30 40 35 35
507 05 0 2 3 25 
507 06 0 2 3 26 25 30 35 30 
507 08 0 2 3 27 25 30 30 40 55
507 10 0 2 3 28 35 30 30 25 25
507 12 0 2 3 29 
507 15 0 2 3 30       40 35   
507 16 0 2 3 31       30     
507 17 0 2 3 32 30 35
507 18 0 2 3 33 35 45 50 45 35
507 19 0 2 3 34 35 25 25 45 40
507 20 0 2 3 35 55 50 45 40 35
507 21 0 2 3 36 45 35 35 45 40
507 23 0 2 3 37 35 40 30 40 35
507 24 0 2 3 38 45 30 25    35
507 25 0 2 3 39 50 45 35 35 50
507 26 0 2 3 40 35 35 35 30 30
507 27 0 2 3 41 70 65 50 75 55
507 28 0 2 3 42 40 35 40 35 40
507 29 0 2 3 43 30 25 30 40 45
507 31 0 2 3 44 20 30 15 20 20
507 32 0 2 3 45 30 25 40 30 35
507 33 0 2 3 46 45 30 25 35 25
507 34 0 2 3 47 30 35 35 20   
507 35 0 2 3 48 25 30 30 40 25
507 36 0 2 3 49 25 45 45 25 35
507 41 0 2 3 50 30 35 45 30 30
507 44 0 2 3 51 35 40 25 20 15
507 45 0 2 3 52 25 25 40 30 20
507 47 0 2 3 53 55 55 55 45 40
507 48 0 2 3 54 35 35 25 25 40
507 49 0 2 3 55 35 25 15 20 30
507 51 0 2 3 56 55 45 35 45 30
507 53 0 2 3 57 30 40 30 35   
507 55 0 2 3 58 40 30 25 20 20
507 56 0 2 3 59 45 15 25 25 25
507 57 0 2 3 60 25 20 10 10 15
507 58 0 2 3 61 60 55 55      
507 59 0 2 3 62 40    25 20 35
507 60 0 2 3 63 25    15 30 45
507 61 0 2 3 64 45 35 30 30 25
507 62 0 2 3 65 35 45 25 15 30
507 63 0 2 3 66 40 35 20 25 25
507 64 0 2 3 67 30 40 15 55 45
507 66 0 2 3 68 45 40 35 30 25
507 67 0 2 3 69 55 45 35      
507 68 0 2 3 70 45 25 25 40 40
507 69 0 2 3 71 35 30 30 25 35
507 71 0 2 3 72 25 25 25 25 20
507 72 0 2 3 73 45 30 35 35 30
507 73 0 2 3 74 30 45 40    25
507 74 0 2 3 75 50 40 15 10 35
507 75 0 2 3 76 30 40 30 35 45
507 77 0 2 3 77 65 50 30 35 30
507 78 0 2 3 78 35 25 35 20 15
507 79 0 2 3 79 25 40 45 40 45
507 80 0 2 3 80 25 40 20 40 25
508 00 1 0 0 00 35 55 65 40 40
508 02 1 1 1 01 35 50 40 30 30
508 04 1 1 1 02 40 50 40 40 35
508 09 1 1 1 03 55 50 40 25 30
508 11 1 1 1 04 40 55 50 50 55
508 22 1 1 1 05 50 55 55 50 45
508 39 1 1 1 06 45 50 40 35 35
508 40 1 1 1 07 35 45 35 50 40
508 46 1 1 1 08 45 60 60 65 50
508 13 1 1 1 09 45 55 40 45 40
508 76 1 1 1 10 55 50 60 40 40
508 43 1 1 1 11 50 65 55 55 45
508 54 1 1 1 12 50 55 45 40 35
508 01 1 1 1 13 60 65 55 55 45
508 07 1 1 1 14 60 65 55 45 45
508 14 1 1 1 15 60 70 50 60 45
508 30 1 1 1 16 55 65 60 65 50
508 37 1 1 1 17 50 65 55 60 50
508 50 1 1 1 18 45 60 55 45 30
508 52 1 1 1 19 45 55 30 40 40
508 65 1 1 1 20 60 70 55 60 45
508 70 1 1 1 21 50 60 50 55 50
508 38 1 1 1 22 50 60 50 60 50
508 42 1 1 1 23 50 60 40 55 40
508 03 1 1 1 24 65 65 40 60 50
508 05 1 1 1 25 50 40 40 50 30
508 06 1 1 1 26 55 50 30 30 30
508 08 1 1 1 27 45 55 25 35 30
508 10 1 1 1 28 65 65 55 65 45
508 12 1 1 1 29 60 60 30 50 40
508 15 1 1 1 30 60 60 50 55 50
508 16 1 1 1 31 50 65 60 35 35
508 17 1 1 1 32 45 60 60 50 55
508 18 1 1 1 33 50 60 40 50 30
508 19 1 1 1 34 65 70 60 60 50
508 20 1 1 1 35 70 65 55 65 60
508 21 1 1 1 36 50 60 40 40 30
508 23 1 1 1 37 60 55 65 60 50
508 24 1 1 1 38 50 65 65 50 40
508 25 1 1 1 39 50 60 45 50 40
508 26 1 1 1 40 65 65 50 40 30
508 27 1 1 1 41 60 65 45 60 45
508 28 1 1 1 42 50 65 30 30 25
508 29 1 1 1 43 40 55 60 60 50
508 31 1 1 1 44 35 60 55 35 25
508 32 1 1 1 45 55 60 60 60 60
508 33 1 1 1 46 70 65 55 55 60
508 34 1 1 1 47 75 70 70 60 55
508 35 1 1 1 48 30 50 65 35 35
508 36 1 1 1 49 65 70 45 75 65
508 41 1 1 1 50 70 60 40 40 40
508 44 1 1 1 51 65 65 50 60 50
508 45 1 1 1 52 70 70 65 70 55
508 47 1 1 1 53 75 65 70 75 75
508 48 1 1 1 54 60 70 45 35 35
508 49 1 1 1 55 45 55 40 45 40
508 51 1 1 1 56 65 65 55 70 65
508 53 1 1 1 57 75 80 60 70 65
508 55 1 1 1 58 35 70 55 65 70
508 56 1 1 1 59 45 70 40 45 40
508 57 1 1 1 60 60 60 30 40 35
508 58 1 1 1 61 75 70 70 55 50
508 59 1 1 1 62 70 65 60 65 60
508 60 1 1 1 63 60 55 50 60 60
508 61 1 1 1 64 40 55 30 20 25
508 62 1 1 1 65 65 60 40 45 30
508 63 1 1 1 66 40 45 35 55 45
508 64 1 1 1 67 55 50 30 25 25
508 66 1 1 1 68 65 70 50 65 50
508 67 1 1 1 69 70 65 55 65 70
508 68 1 1 1 70 70 70 55 65 60
508 69 1 1 1 71 50 40 40 35 30
508 71 1 1 1 72 45 45 25 25 25
508 72 1 1 1 73 45 55 40 50 35
508 73 1 1 1 74 60 60 60 45 40
508 74 1 1 1 75 40 45 35 30 30
508 75 1 1 1 76 60 60 55 70 60
508 77 1 1 1 77 65 70 55 65 55
508 78 1 1 1 78 50 70 65 65 55
508 79 1 1 1 79 80 65 70 70 60
508 80 1 1 1 80 40 60 35 65 55
508 00 1 0 0 00 45 55 60 50 40
508 02 1 1 2 01 40 60 50 50 35
508 04 1 1 2 02 40 60 65 45 40
508 09 1 1 2 03 45 70 60 55 55
508 11 1 1 2 04 60 50 65 60 50
508 22 1 1 2 05 65 65 70 70 60
508 39 1 1 2 06 65 65 55 50 55
508 40 1 1 2 07 45 55 55 45 40
508 46 1 1 2 08 60 50 50 60 50
508 13 1 1 2 09 65 65 50 60 50
508 76 1 1 2 10 40 50 45 50 45
508 43 1 1 2 11 65 65 50 60 55
508 54 1 1 2 12 40 55 40 40 30
508 01 1 1 2 13 60 70 50 55 45
508 07 1 1 2 14 40 55 40 40 30
508 14 1 1 2 15 45 50 40 50 40
508 30 1 1 2 16 45 60 35 50 40
508 37 1 1 2 17 55 60 65 55 50
508 50 1 1 2 18 60 60 60 50 40
508 52 1 1 2 19 55 60 65 60 55
508 65 1 1 2 20 40 45 35 35 30
508 70 1 1 2 21 60 60 45 40 40
508 38 1 1 2 22 45 45 35 35 35
508 42 1 1 2 23 40 55 55 45 45
508 03 1 1 2 24 55 60 60 60 60
508 05 1 1 2 25 45 55 50 40 40
508 06 1 1 2 26 40 50 45 40 40
508 08 1 1 2 27 40 50 50 55 40
508 10 1 1 2 28 60 55 50 60 50
508 12 1 1 2 29 60 50 55 55 50
508 15 1 1 2 30 70 70 60 65 60
508 16 1 1 2 31 50 55 60 60 55
508 17 1 1 2 32 70 70 65 65 60
508 18 1 1 2 33 45 60 50 65 50
508 19 1 1 2 34 55 60 55 65 60
508 20 1 1 2 35 55 60 50 60 55
508 21 1 1 2 36 35 50 60 60 50
508 23 1 1 2 37 60 50 60 65 50
508 24 1 1 2 38 40 60 60 60 50
508 25 1 1 2 39 40 50 60 55 40
508 26 1 1 2 40 40 40 55 55 40
508 27 1 1 2 41 60 55 60 60 55
508 28 1 1 2 42 50 60 55 45 40
508 29 1 1 2 43 45 55 60 55 45
508 31 1 1 2 44 65 65 55 60 50
508 32 1 1 2 45 55 60 65 65 55
508 33 1 1 2 46 50 60 40 55 45
508 34 1 1 2 47 45 60 50 60 50
508 35 1 1 2 48 40 55 60 45 40
508 36 1 1 2 49 50 65 55 65 50
508 41 1 1 2 50 55 60 40 40 40
508 44 1 1 2 51 50 60 50 65 40
508 45 1 1 2 52 60 55 50 60 45
508 47 1 1 2 53 45 60 50 60 50
508 48 1 1 2 54 55 60 50 60 55
508 49 1 1 2 55 65 55 55 70 60
508 51 1 1 2 56 45 55 40 40 35
508 53 1 1 2 57 60 60 50 55 50
508 55 1 1 2 58 65 70 65 70 55
508 56 1 1 2 59 45 60 60 45 45
508 57 1 1 2 60 45 60 50 60 45
508 58 1 1 2 61 45 50 45 50 45
508 59 1 1 2 62 65 55 50 60 50
508 60 1 1 2 63 55 65 50 60 55
508 61 1 1 2 64 65 60 60 60 45
508 62 1 1 2 65 45 50 55 45 45
508 63 1 1 2 66 40 45 35 35 35
508 64 1 1 2 67 40 50 40 55 35
508 66 1 1 2 68 45 50 45 55 45
508 67 1 1 2 69 45 50 45 45 40
508 68 1 1 2 70 65 65 55 55 40
508 69 1 1 2 71 40 50 40 55 45
508 71 1 1 2 72 50 50 40 45 40
508 72 1 1 2 73 45 55 40 50 35
508 73 1 1 2 74 55 65 50 60 45
508 74 1 1 2 75 55 60 50 50 40
508 75 1 1 2 76 60 50 40 50 35
508 77 1 1 2 77 40 45 50 55 45
508 78 1 1 2 78 45 55 45 35 35
508 79 1 1 2 79 40 50 55 65 50
508 80 1 1 2 80 45 55 35 55 30
508 00 1 0 0 00 50 50 50 65 35
508 02 1 1 3 01 60 70 40 35 35
508 04 1 1 3 02 60 70 35 75 60
508 09 1 1 3 03 35 70 10 20 30
508 11 1 1 3 04 75 65 75 90 50
508 22 1 1 3 05 35 70 25 70 20
508 39 1 1 3 06 30 60 10 20 35
508 40 1 1 3 07 35 60 50 80 45
508 46 1 1 3 08 40 60 70 30 20
508 13 1 1 3 09 30 70 60 80 35
508 76 1 1 3 10 20 40 50 25 25
508 43 1 1 3 11 10 60 20 40 20
508 54 1 1 3 12 60 60 65 20 20
508 01 1 1 3 13 70 70 60 75 50
508 07 1 1 3 14 35 75 65 10 15
508 14 1 1 3 15 65 50 25 30 20
508 30 1 1 3 16 35 65 20 20 25
508 37 1 1 3 17 35 65 55 20 20
508 50 1 1 3 18 55 60 70 60 50
508 52 1 1 3 19 65 70 65 35 35
508 65 1 1 3 20 40 45 55 20 20
508 70 1 1 3 21 35 50 60 15 20
508 38 1 1 3 22 60 60 55 35 30
508 42 1 1 3 23 35 60 45 20 20
508 03 1 1 3 24 25 40 60 35 25
508 05 1 1 3 25 65 60 55 70 50
508 06 1 1 3 26 55 65 65 50 35
508 08 1 1 3 27 25 45 40 30 25
508 10 1 1 3 28 60 50 60 35 35
508 12 1 1 3 29 60 70 60 35 35
508 15 1 1 3 30 60 70 50 85 55
508 16 1 1 3 31 20 60 65 30 30
508 17 1 1 3 32 65 70 65 70 45
508 18 1 1 3 33 35 65 55 25 30
508 19 1 1 3 34 40 65 75 50 40
508 20 1 1 3 35 75 75 60 80 50
508 21 1 1 3 36 30 55 35 25 20
508 23 1 1 3 37 35 60 60 25 30
508 24 1 1 3 38 60 65 65 30 30
508 25 1 1 3 39 20 70 45 40 25
508 26 1 1 3 40 25 40 45 10 20
508 27 1 1 3 41 70 60 60 90 65
508 28 1 1 3 42 30 65 45 25 30
508 29 1 1 3 43 30 45 30 40 20
508 31 1 1 3 44 40 65 60 60 50
508 32 1 1 3 45 40 70 60 15 20
508 33 1 1 3 46 30 50 60 50 35
508 34 1 1 3 47 30 70 55 25 25
508 35 1 1 3 48 25 40 60 15 15
508 36 1 1 3 49 40 60 55 55 40
508 41 1 1 3 50 25 35 40 35 35
508 44 1 1 3 51 60 55 55 40 45
508 45 1 1 3 52 40 60 45 30 30
508 47 1 1 3 53 60 65 40 75 60
508 48 1 1 3 54 55 55 50 70 40
508 49 1 1 3 55 60 45 40 70 60
508 51 1 1 3 56 35 65 40 65 60
508 53 1 1 3 57 40 65 55 35 35
508 55 1 1 3 58 65 65 40 40 35
508 56 1 1 3 59 40 60 55 40 35
508 57 1 1 3 60 40 70 55 35 40
508 58 1 1 3 61 65 60 40 80 45
508 59 1 1 3 62 55 60 40 70 60
508 60 1 1 3 63 30 50 35 25 25
508 61 1 1 3 64 35 50 40 35 35
508 62 1 1 3 65 25 50 20 30 30
508 63 1 1 3 66 55 60 30 20 35
508 64 1 1 3 67 50 70 25 30 30
508 66 1 1 3 68 25 75 55 35 40
508 67 1 1 3 69 50 40 55 65 55
508 68 1 1 3 70 60 40 40 65 50
508 69 1 1 3 71 60 50 55 40 30
508 71 1 1 3 72 45 70 30 15 30
508 72 1 1 3 73 40 60 30 30 25
508 73 1 1 3 74 60 50 60 75 65
508 74 1 1 3 75 50 65 35 30 30
508 75 1 1 3 76 65 65 60 70 65
508 77 1 1 3 77 35 50 60 40 40
508 78 1 1 3 78 40 55 35 65 60
508 79 1 1 3 79 65 60 65 45 60
508 80 1 1 3 80 35 60 50 25 30
509 00 1 0 0 00 80 80 50 85 75
509 02 1 2 1 01 25 40 50 60 20
509 04 1 2 1 02 20 55 30 55 20
509 09 1 2 1 03 45 75 60 75 75
509 11 1 2 1 04 80 75 60 70 35
509 22 1 2 1 05 20 45 15 20 20
509 39 1 2 1 06 20 70 30 50 20
509 40 1 2 1 07 55 80 20 65 15
509 46 1 2 1 08 55 40 70 75 75
509 13 1 2 1 09 45 70 15 20 30
509 76 1 2 1 10 40 80 15 45 55
509 43 1 2 1 11 25 75 20 15 15
509 54 1 2 1 12 30 40 15 65 45
509 01 1 2 1 13 80 80 40 20 15
509 07 1 2 1 14 75 70 50 65 25
509 14 1 2 1 15 55 75 15 65 30
509 30 1 2 1 16 65 65 20 65 85
509 37 1 2 1 17 20 75 15 55 15
509 50 1 2 1 18 60 40 15 65 20
509 52 1 2 1 19 75 80 30 75 50
509 65 1 2 1 20 20 75 15 25 20
509 70 1 2 1 21 60 75 15 70 80
509 38 1 2 1 22 65 80 30 70 15
509 42 1 2 1 23 50 80 50 40 25
509 03 1 2 1 24 80 80 60 75 20
509 05 1 2 1 25 30 80 15 20 20
509 06 1 2 1 26 60 80 30 60 70
509 08 1 2 1 27 15 45 15 30 45
509 10 1 2 1 28 80 80 70 85 60
509 12 1 2 1 29 55 80 80 30 65
509 15 1 2 1 30 70 70 50 35 30
509 16 1 2 1 31 30 75 15 35 60
509 17 1 2 1 32 20 85 20 50 40
509 18 1 2 1 33 15 80 15 20 15
509 19 1 2 1 34 75 75 75 80 20
509 20 1 2 1 35 65 85 25 30 20
509 21 1 2 1 36 70 80 40 65 15
509 23 1 2 1 37 80 70 45 75 55
509 24 1 2 1 38 25 60 10 20 10
509 25 1 2 1 39 75 85 75 70 55
509 26 1 2 1 40 55 20 35 30 15
509 27 1 2 1 41 80 50 65 80 65
509 28 1 2 1 42 20 80 10 15 20
509 29 1 2 1 43 75 85 80 75 15
509 31 1 2 1 44 40 80 20 35 65
509 32 1 2 1 45 15 75 10 60 10
509 33 1 2 1 46 
509 34 1 2 1 47 80 85 75 80 60
509 35 1 2 1 48 45 60 15 45 15
509 36 1 2 1 49 15 80 45 70 45
509 41 1 2 1 50 20 40 15 40 15
509 44 1 2 1 51 15 85 15 15 30
509 45 1 2 1 52 75 75 45 20 15
509 47 1 2 1 53 80 65 70 85 85
509 48 1 2 1 54 15 75 50 20 15
509 49 1 2 1 55 75 55 30 70 80
509 51 1 2 1 56 20 55 15 50 35
509 53 1 2 1 57 15 80 15 45 15
509 55 1 2 1 58 25 80 70 65 50
509 56 1 2 1 59 65 85 30 75 60
509 57 1 2 1 60 75 85 70 30 20
509 58 1 2 1 61 20 55 15 75 50
509 59 1 2 1 62 15 80 15 55 30
509 60 1 2 1 63 60 85 30 85 70
509 61 1 2 1 64 15 50 10 70 75
509 62 1 2 1 65 15 65 15 45 30
509 63 1 2 1 66 65 60 10 50 15
509 64 1 2 1 67 15 45 20 15 10
509 66 1 2 1 68 30 85 70 85 15
509 67 1 2 1 69 15 85 40 75 40
509 68 1 2 1 70 30 60 15 40 30
509 69 1 2 1 71 50 50 10 40 20
509 71 1 2 1 72 80 90 60 80 45
509 72 1 2 1 73 75 85 70 60 75
509 73 1 2 1 74 35 45 15 15 30
509 74 1 2 1 75 15 65 10 25 10
509 75 1 2 1 76 60 75 25 50 60
509 77 1 2 1 77 35 85 30 70 40
509 78 1 2 1 78 60 80 65 75 60
509 79 1 2 1 79 60 35 10 45 20
509 80 1 2 1 80 40 60 40 55 20
509 00 1 0 0 00 75 80 50 85 65
509 02 1 2 2 01 20 50 40 65 20
509 04 1 2 2 02 85 80 65 50 25
509 09 1 2 2 03 30 85 80 90 45
509 11 1 2 2 04 60 50 65 60 80
509 22 1 2 2 05 20 30 15 15 15
509 39 1 2 2 06 40 85 75 80 35
509 40 1 2 2 07 80 75 20 40 75
509 46 1 2 2 08 60 85 80 75 40
509 13 1 2 2 09 60 20 15 75 15
509 76 1 2 2 10 80 80 15 85 85
509 43 1 2 2 11 55 15 15 50 30
509 54 1 2 2 12 40 80 30 70 45
509 01 1 2 2 13 45 85 70 80 40
509 07 1 2 2 14 50 70 25 70 20
509 14 1 2 2 15 75 65 80 80 30
509 30 1 2 2 16 80 70 15 70 60
509 37 1 2 2 17 20 20 10 65 30
509 50 1 2 2 18 25 20 55 50 15
509 52 1 2 2 19 60 80 45 70 80
509 65 1 2 2 20 70 60 15 60 70
509 70 1 2 2 21 75 70 15 70 80
509 38 1 2 2 22 75 80 65 85 35
509 42 1 2 2 23 80 80 80 70 30
509 03 1 2 2 24 75 85 70 80 40
509 05 1 2 2 25 60 85 20 65 30
509 06 1 2 2 26 80 75 60 75 35
509 08 1 2 2 27 85 75 85 80 60
509 10 1 2 2 28 75 65 80 80 35
509 12 1 2 2 29 20 65 45 35 15
509 15 1 2 2 30 70 40 25 75 30
509 16 1 2 2 31 35 80 35 80 65
509 17 1 2 2 32 80 65 70 50 40
509 18 1 2 2 33 70 75 15 30 20
509 19 1 2 2 34 15 20 35 65 20
509 20 1 2 2 35 80 50 25 60 30
509 21 1 2 2 36 45 80 75 75 50
509 23 1 2 2 37 80 85 60 80 80
509 24 1 2 2 38 55 60 70 70 25
509 25 1 2 2 39 80 85 20 85 80
509 26 1 2 2 40 25 65 70 20 10
509 27 1 2 2 41 80 85 50 75 40
509 28 1 2 2 42 40 80 35 25 15
509 29 1 2 2 43 60 70 15 70 20
509 31 1 2 2 44 60 80 75 65 15
509 32 1 2 2 45 20 50 40 15 15
509 33 1 2 2 46 
509 34 1 2 2 47 80 75 80 80 40
509 35 1 2 2 48 20 40 15 10 15
509 36 1 2 2 49 45 75 70 75 30
509 41 1 2 2 50 50 30 60 80 30
509 44 1 2 2 51 50 80 80 70 40
509 45 1 2 2 52 20 65 50 40 20
509 47 1 2 2 53 85 80 60 85 70
509 48 1 2 2 54 80 85 85 80 40
509 49 1 2 2 55 80 85 55 75 65
509 51 1 2 2 56 65 85 15 80 50
509 53 1 2 2 57 75 85 20 60 35
509 55 1 2 2 58 65 70 80 75 75
509 56 1 2 2 59 85 85 85 70 55
509 57 1 2 2 60 75 80 25 70 45
509 58 1 2 2 61 50 55 15 15 15
509 59 1 2 2 62 75 70 35 85 50
509 60 1 2 2 63 75 85 55 70 80
509 61 1 2 2 64 45 70 55 50 45
509 62 1 2 2 65 45 30 40 65 30
509 63 1 2 2 66 65 80 40 80 60
509 64 1 2 2 67 25 60 20 50 10
509 66 1 2 2 68 70 50 65 80 65
509 67 1 2 2 69 70 75 60 80 30
509 68 1 2 2 70 75 80 80 50 65
509 69 1 2 2 71 25 30 15 30 50
509 71 1 2 2 72 85 85 65 80 85
509 72 1 2 2 73 85 85 15 70 20
509 73 1 2 2 74 75 40 30 60 15
509 74 1 2 2 75 20 50 20 60 15
509 75 1 2 2 76 55 80 65 45 65
509 77 1 2 2 77 60 85 75 80 30
509 78 1 2 2 78 70 55 65 75 15
509 79 1 2 2 79 90 75 20 70 85
509 80 1 2 2 80 80 50 20 65 55
509 00 1 0 0 00 90 80 75 90 87
509 02 1 2 3 01    20    40 65
509 04 1 2 3 02 15 80 80 80 70
509 09 1 2 3 03 75 90 75 90 85
509 11 1 2 3 04 15 45 30 80 80
509 22 1 2 3 05 10 20 10 10 10
509 39 1 2 3 06 30 85 85 75 80
509 40 1 2 3 07 55 70 15 60 80
509 46 1 2 3 08 10 80 30 10 10
509 13 1 2 3 09    85 60 50 85
509 76 1 2 3 10 80 85    55 80
509 43 1 2 3 11 10 30 10 10 10
509 54 1 2 3 12 20 65 40 80 70
509 01 1 2 3 13       75 35 30
509 07 1 2 3 14 20    75 60 65
509 14 1 2 3 15 80 80 85 50 85
509 30 1 2 3 16 85 60 80 20 85
509 37 1 2 3 17 10 10 20 10 10
509 50 1 2 3 18 10 50 10 70 25
509 52 1 2 3 19 80    45 80 85
509 65 1 2 3 20 65 80    15 15
509 70 1 2 3 21 90 70 85 80 90
509 38 1 2 3 22 70 85 85 75 85
509 42 1 2 3 23 35 80 20 70 80
509 03 1 2 3 24 80 85 50 75 90
509 05 1 2 3 25 30    20    50
509 06 1 2 3 26 55 75 25 30 75
509 08 1 2 3 27 10 65 20 15 30
509 10 1 2 3 28 90 85 90 87 90
509 12 1 2 3 29 12 80 70 15 45
509 15 1 2 3 30 90 70 20 80 87
509 16 1 2 3 31 10 75 80 10 20
509 17 1 2 3 32 90 87 85 90 90
509 18 1 2 3 33 10 15 15 10 10
509 19 1 2 3 34 75 80 87 83 80
509 20 1 2 3 35 90 90 87 90 90
509 21 1 2 3 36 15    80 80 45
509 23 1 2 3 37 87 85 70 85 90
509 24 1 2 3 38 40 55 10 15 25
509 25 1 2 3 39 90 83 20 87 90
509 26 1 2 3 40 10 85 15 10 15
509 27 1 2 3 41 87    85 75 90
509 28 1 2 3 42 10    45 10 10
509 29 1 2 3 43 15 70 10    80
509 31 1 2 3 44 70 87 25 60 75
509 32 1 2 3 45 30 60 12 45 15
509 33 1 2 3 46
509 34 1 2 3 47 85 65 75 85 90
509 35 1 2 3 48    85 85    70
509 36 1 2 3 49 80 85 80 75 85
509 41 1 2 3 50 20 85 25 80 80
509 44 1 2 3 51 10 85 80 65 10
509 45 1 2 3 52 20    35 75 80
509 47 1 2 3 53 90 85 83 90 90
509 48 1 2 3 54 10    80    10
509 49 1 2 3 55 12 85 20 50 30
509 51 1 2 3 56 60    80 75 80
509 53 1 2 3 57 10 30 10 12 10
509 55 1 2 3 58 85 80 70 60 85
509 56 1 2 3 59 85 85 30 75 80
509 57 1 2 3 60 50 60 12 30 65
509 58 1 2 3 61 30    25 70 10
509 59 1 2 3 62 87 85 70 80 85
509 60 1 2 3 63 80 90 55 15 85
509 61 1 2 3 64    75 75 15 10
509 62 1 2 3 65 10 30 75 10 10
509 63 1 2 3 66 10    75 25 15
509 64 1 2 3 67 10 70 35 20 15
509 66 1 2 3 68 65 85 60 85 83
509 67 1 2 3 69 80 85 80 70 85
509 68 1 2 3 70 85       65 87
509 69 1 2 3 71 10 40 15 25 10
509 71 1 2 3 72 25 87 90 65 15
509 72 1 2 3 73 25 60 80 20 15
509 73 1 2 3 74 80    80 
509 74 1 2 3 75 10 20 25 10 10
509 75 1 2 3 76 10 80 70 55 85
509 77 1 2 3 77 10    55 70 10
509 78 1 2 3 78 20 70    35 12
509 79 1 2 3 79 87 80 60 80 87
509 80 1 2 3 80 20    80 40 15
510 00 0 0 0 00 55 40 35 35 40
510 02 0 1 1 01 55 60 45 50 50
510 04 0 1 1 02 35 40 50 65 45
510 09 0 1 1 03 35 30 20 20 35
510 11 0 1 1 04 60 70 60 50 55
510 22 0 1 1 05 45 50 60 45 50
510 39 0 1 1 06 50 40 50 50 45
510 40 0 1 1 07 50 65 40 40 45
510 46 0 1 1 08 75 70 80 80 75
510 13 0 1 1 09 35 55 50 50 45
510 76 0 1 1 10 65 65 70 60 60
510 43 0 1 1 11 60 70 50 45 50
510 54 0 1 1 12 60 60 60 60 50
510 01 0 1 1 13 40 40 40 35 50
510 07 0 1 1 14 45 50 35 35 40
510 14 0 1 1 15 50 75 60 45 50
510 30 0 1 1 16 35 50 35 35 35
510 37 0 1 1 17 50 65 60 35 55
510 50 0 1 1 18 50 70 70 50 50
510 52 0 1 1 19 50 80 50 40 40
510 65 0 1 1 20 50 55 30 45 50
510 70 0 1 1 21 60 70 60 50 55
510 38 0 1 1 22 55 50 60 50 55
510 42 0 1 1 23 50 40 40 60 50
510 03 0 1 1 24 55 45 55 50 55
510 05 0 1 1 25 35 50 55 60 60
510 06 0 1 1 26 30 55 40 40 50
510 08 0 1 1 27 45 70 40 40 50
510 10 0 1 1 28 60 60 50 50 50
510 12 0 1 1 29 35 60 50 60 60
510 15 0 1 1 30 60 55 40 50 50
510 16 0 1 1 31 70 70 70 65 70
510 17 0 1 1 32 80 35 35 75 65
510 18 0 1 1 33 40 65 35 50 50
510 19 0 1 1 34 65 70 70 60 60
510 20 0 1 1 35 60 45 50 60 60
510 21 0 1 1 36 70 70 60 70 65
510 23 0 1 1 37 70 60 70 75 65
510 24 0 1 1 38 35 60 35 35 40
510 25 0 1 1 39 35 80 35 35 55
510 26 0 1 1 40 75 70 60 50 55
510 27 0 1 1 41 45 50 65 60 55
510 28 0 1 1 42 35 60 40 40 50
510 29 0 1 1 43 65 45 65 60 50
510 31 0 1 1 44 60 40 50 50 40
510 32 0 1 1 45 50 50 50 35 40
510 33 0 1 1 46 60 60 50 55 45
510 34 0 1 1 47 50 50 35 35 40
510 35 0 1 1 48 60 50 60 45 50
510 36 0 1 1 49 40 50 50 50 45
510 41 0 1 1 50 50 45 50 70 50
510 44 0 1 1 51 60 75 70 60 50
510 45 0 1 1 52 70 50 50 60 60
510 47 0 1 1 53 65 60 65 60 65
510 48 0 1 1 54 50 70 35 30 50
510 49 0 1 1 55 70 45 70 70 50
510 51 0 1 1 56 65 60 45 50 60
510 53 0 1 1 57 70 55 55 55 60
510 55 0 1 1 58 60 50 70 60 45
510 56 0 1 1 59 50 65 40 40 50
510 57 0 1 1 60 75 65 70 70 70
510 58 0 1 1 61 55 45 50 60 60
510 59 0 1 1 62 50 50 60 50 55
510 60 0 1 1 63 60 50 50 50 50
510 61 0 1 1 64 40 50 40 35 45
510 62 0 1 1 65 45 70 45 35 40
510 63 0 1 1 66 70 60 50 60 55
510 64 0 1 1 67 35 55 35 45 60
510 66 0 1 1 68 50 45 60 50 50
510 67 0 1 1 69 70 50 60 70 60
510 68 0 1 1 70 70 50 65 75 65
510 69 0 1 1 71 60 45 60 70 70
510 71 0 1 1 72 40 60 40 40 60
510 72 0 1 1 73 45 65 40 40 45
510 73 0 1 1 74 70 45 65 65 70
510 74 0 1 1 75 55 65 50 50 50
510 75 0 1 1 76 55 55 50 60 55
510 77 0 1 1 77 60 50 50 50 45
510 78 0 1 1 78 45 60 40 40 50
510 79 0 1 1 79 45 60 65 40 50
510 80 0 1 1 80 50 65 50 50 50
510 00 0 0 0 00 50 60 50 50 40
510 02 0 1 2 01 60 60 60 65 50
510 04 0 1 2 02 45 60 45 40 45
510 09 0 1 2 03 40 55 40 40 40
510 11 0 1 2 04 60 55 50 70 70
510 22 0 1 2 05 50 60 55 50 50
510 39 0 1 2 06 50 60 40 40 45
510 40 0 1 2 07 65 70 50 60 50
510 46 0 1 2 08 70 55 50 70 50
510 13 0 1 2 09 45 45 50 55 45
510 76 0 1 2 10 40 60 40 40 40
510 43 0 1 2 11 70 70 60 60 60
510 54 0 1 2 12 40 50 40 50 50
510 01 0 1 2 13 50 55 60 50 60
510 07 0 1 2 14 40 50 50 40 40
510 14 0 1 2 15 50 60 45 50 50
510 30 0 1 2 16 55 70 60 40 45
510 37 0 1 2 17 60 60 60 50 45
510 50 0 1 2 18 60 40 60 60 55
510 52 0 1 2 19 40 60 40 30 40
510 65 0 1 2 20 50 65 50 45 45
510 70 0 1 2 21 50 65 40 40 50
510 38 0 1 2 22 50 50 55 55 60
510 42 0 1 2 23 45 45 50 40 40
510 03 0 1 2 24 60 40 50 60 60
510 05 0 1 2 25 50 75 55 55 60
510 06 0 1 2 26 40 60 40 30 40
510 08 0 1 2 27 55 65 50 45 45
510 10 0 1 2 28 50 65 35 50 50
510 12 0 1 2 29 45 65 40 40 50
510 15 0 1 2 30 50 45 50 60 50
510 16 0 1 2 31 60 60 50 50 55
510 17 0 1 2 32 50 40 50 65 65
510 18 0 1 2 33 60 60 50 55 50
510 19 0 1 2 34 65 45 60 60 50
510 20 0 1 2 35 40 40 50 65 50
510 21 0 1 2 36 55 50 50 65 60
510 23 0 1 2 37 60 65 60 70 65
510 24 0 1 2 38 50 60 45 35 40
510 25 0 1 2 39 45 50 50 45 40
510 26 0 1 2 40 45 55 50 40 60
510 27 0 1 2 41 50 45 60 60 60
510 28 0 1 2 42 40 55 30 30 45
510 29 0 1 2 43 50 35 65 70 65
510 31 0 1 2 44 55 60 50 65 55
510 32 0 1 2 45 40 50 40 40 45
510 33 0 1 2 46 50 55 55 55 50
510 34 0 1 2 47 50 65 45 45 50
510 35 0 1 2 48 55 65 45 30 40
510 36 0 1 2 49 60 45 50 55 60
510 41 0 1 2 50 55 60 60 60 50
510 44 0 1 2 51 55 60 55 75 55
510 45 0 1 2 52 50 70 45 40 45
510 47 0 1 2 53 60 60 60 60 50
510 48 0 1 2 54 60 60 50 45 50
510 49 0 1 2 55 60 50 60 60 50
510 51 0 1 2 56 60 60 45 50 50
510 53 0 1 2 57 45 65 50 45 50
510 55 0 1 2 58 65 55 60 60 50
510 56 0 1 2 59 40 50 45 45 45
510 57 0 1 2 60 60 60 60 60 55
510 58 0 1 2 61 60 50 55 65 50
510 59 0 1 2 62 55 60 50 60 50
510 60 0 1 2 63 55 50 50 55 45
510 61 0 1 2 64 60 60 50 35 45
510 62 0 1 2 65 45 55 55 40 40
510 63 0 1 2 66 60 60 45 50 55
510 64 0 1 2 67 55 55 45 50 50
510 66 0 1 2 68 50 55 50 50 50
510 67 0 1 2 69 60 50 60 60 55
510 68 0 1 2 70 40 65 50 65 55
510 69 0 1 2 71 70 70 60 70 60
510 71 0 1 2 72 40 70 30 30 55
510 72 0 1 2 73 60 55 50 55 55
510 73 0 1 2 74 65 65 65 60 60
510 74 0 1 2 75 60 75 55 55 50
510 75 0 1 2 76 55 55 50 65 55
510 77 0 1 2 77 45 55 50 50 45
510 78 0 1 2 78 45 60 50 40 45
510 79 0 1 2 79 40 50 65 40 40
510 80 0 1 2 80 60 65 60 45 50
510 00 0 0 0 00 30 45 40 45 40
510 02 0 1 3 01 60 50 45 60 55
510 04 0 1 3 02 55 60 55 55 50
510 09 0 1 3 03 15 50 20 20 30
510 11 0 1 3 04 70 60 65 65 65
510 22 0 1 3 05 35 50 45 35 40
510 39 0 1 3 06 35 55 35 40 40
510 40 0 1 3 07 60 60 55 60 50
510 46 0 1 3 08 60 60 50 55 55
510 13 0 1 3 09 35 50 55 50 40
510 76 0 1 3 10 25 55 35 40 45
510 43 0 1 3 11 30 60 40 35 50
510 54 0 1 3 12 45 45 50 55 50
510 01 0 1 3 13 40 50 40 45 50
510 07 0 1 3 14 35 30 45 50 45
510 14 0 1 3 15 40 50 40 40 60
510 30 0 1 3 16 30 45 35 40 45
510 37 0 1 3 17 30 40 35 20 35
510 50 0 1 3 18 50 55 55 55 60
510 52 0 1 3 19 30 55 50 40 35
510 65 0 1 3 20 25 45 35 40 40
510 70 0 1 3 21 45 55 40 45 60
510 38 0 1 3 22 35 55 50 60 60
510 42 0 1 3 23 20 40 35 30 35
510 03 0 1 3 24 50 60 55 60 50
510 05 0 1 3 25 55 55 50 60 65
510 06 0 1 3 26 25 35 30 20 35
510 08 0 1 3 27 40 60 30 40 55
510 10 0 1 3 28 35 55 50 50 50
510 12 0 1 3 29 35 60 35 35 50
510 15 0 1 3 30 70 60 65 75 65
510 16 0 1 3 31 40 45 40 35 50
510 17 0 1 3 32 50 60 40 55 60
510 18 0 1 3 33 75 55 50 65 55
510 19 0 1 3 34 50 45 40 40 45
510 20 0 1 3 35 55 50 70 60 60
510 21 0 1 3 36 60 55 50 65 60
510 23 0 1 3 37 60 60 60 65 65
510 24 0 1 3 38 50 55 45 40 40
510 25 0 1 3 39 25 35 25 20 30
510 26 0 1 3 40 25 45 25 25 35
510 27 0 1 3 41 60 60 90 65 65
510 28 0 1 3 42 30 40 30 30 40
510 29 0 1 3 43 40 35 45 50 50
510 31 0 1 3 44 65 60 50 60 60
510 32 0 1 3 45 20 40 25 30 30
510 33 0 1 3 46 30 50 40 45 55
510 34 0 1 3 47 45 45 40 45 50
510 35 0 1 3 48 15 35 20 15 30
510 36 0 1 3 49 55 55 50 60 60
510 41 0 1 3 50 25 40 25 30 35
510 44 0 1 3 51 65 55 60 65 60
510 45 0 1 3 52 20 40 15 20 35
510 47 0 1 3 53 50 55 60 45 50
510 48 0 1 3 54 55 60 40 50 55
510 49 0 1 3 55 45 50 55 50 50
510 51 0 1 3 56 45 50 25 35 40
510 53 0 1 3 57 40 55 40 45 40
510 55 0 1 3 58 55 50 40 50 50
510 56 0 1 3 59 40 45 35 40 50
510 57 0 1 3 60 65 60 55 60 60
510 58 0 1 3 61 40 45 35 50 50
510 59 0 1 3 62 45 55 40 45 50
510 60 0 1 3 63 20 35 25 30 30
510 61 0 1 3 64 35 40 30 30 30
510 62 0 1 3 65 35 55 35 35 45
510 63 0 1 3 66 40 50 40 40 45
510 64 0 1 3 67 35 60 45 40 40
510 66 0 1 3 68 35 40 30 35 35
510 67 0 1 3 69 80 55 50 65 60
510 68 0 1 3 70 50 60 50 65 65
510 69 0 1 3 71 30 35 40 40 50
510 71 0 1 3 72 25 40 30 20 25
510 72 0 1 3 73 60 55 45 45 55
510 73 0 1 3 74 40 55 45 40 50
510 74 0 1 3 75 35 55 45 55 50
510 75 0 1 3 76 70 50 60 65 60
510 77 0 1 3 77 40 40 45 40 45
510 78 0 1 3 78 40 45 30 35 45
510 79 0 1 3 79 35 40 50 35 30
510 80 0 1 3 80 40 55 40 45 50
511 00 1 0 0 00 50 60 55 50 50
511 02 1 2 1 01 50 50 55 55 50
511 04 1 2 1 02 45 50 40 45 50
511 09 1 2 1 03 50 50 50 50 50
511 11 1 2 1 04 55 55 55 55 50
511 22 1 2 1 05 50 50 55 55 50
511 39 1 2 1 06 50 50 50 50 50
511 40 1 2 1 07 50 50 45 45 50
511 46 1 2 1 08 50 50 50 45 50
511 13 1 2 1 09 50 50 50 50 50
511 76 1 2 1 10 45 50 50 50 50
511 43 1 2 1 11 50 50 45 45 45
511 54 1 2 1 12 50 50 50 50 50
511 01 1 2 1 13 50 50 50 50 45
511 07 1 2 1 14 50 50 50 45 45
511 14 1 2 1 15 50 50 50 50 50
511 30 1 2 1 16 50 50 50 45 50
511 37 1 2 1 17 50 50 50 50 50
511 50 1 2 1 18 50 50 50 50 50
511 52 1 2 1 19 45 50 50 50 50
511 65 1 2 1 20 50 50 50 50 45
511 70 1 2 1 21 60 60 60 60 60
511 38 1 2 1 22 55 55 60 60 55
511 42 1 2 1 23 45 45 50 50 50
511 03 1 2 1 24 50 55 50 50 50
511 05 1 2 1 25 50 55 50 50 55
511 06 1 2 1 26 50 55 45 45 50
511 08 1 2 1 27 50 55 55 55 50
511 10 1 2 1 28 40 45 50 50 50
511 12 1 2 1 29 50 50 50 50 50
511 15 1 2 1 30 50 50 50 50 50
511 16 1 2 1 31 50 50 50 50 45
511 17 1 2 1 32 50 50 50 50 50
511 18 1 2 1 33 45 50 50 50 50
511 19 1 2 1 34 50 50 50 50 50
511 20 1 2 1 35 45 45 50 50 50
511 21 1 2 1 36 50 50 45 45 45
511 23 1 2 1 37 50 50 50 50 45
511 24 1 2 1 38 50 50 50 50 50
511 25 1 2 1 39 55 55 50 50 50
511 26 1 2 1 40 50 50 50 50 45
511 27 1 2 1 41 50 50 50 50 50
511 28 1 2 1 42 45 45 45 45 50
511 29 1 2 1 43 50 50 50 50 45
511 31 1 2 1 44 50 50 45 50 50
511 32 1 2 1 45 60 50 50 50 50
511 33 1 2 1 46 50 50 50 45 50
511 34 1 2 1 47 50 60 50 50 50
511 35 1 2 1 48 50 50 50 50 45
511 36 1 2 1 49 55 50 50 50 55
511 41 1 2 1 50 50 50 50 50 50
511 44 1 2 1 51 50 50 50 50 50
511 45 1 2 1 52 50 50 50 50 45
511 47 1 2 1 53 60 50 50 50 50
511 48 1 2 1 54 50 50 50 50 50
511 49 1 2 1 55 45 50 50 50 50
511 51 1 2 1 56 50 50 50 50 50
511 53 1 2 1 57 45 45 50 50 45
511 55 1 2 1 58 50 50 50 50 45
511 56 1 2 1 59 50 55 55 55 50
511 57 1 2 1 60 45 50 50 50 50
511 58 1 2 1 61 45 50 45 50 50
511 59 1 2 1 62 50 50 45 50 45
511 60 1 2 1 63 55 55 50 55 50
511 61 1 2 1 64 55 50 45 50 50
511 62 1 2 1 65 50 50 50 50 45
511 63 1 2 1 66 50 50 50 50 50
511 64 1 2 1 67 50 50 50 50 50
511 66 1 2 1 68 50 50 50 50 50
511 67 1 2 1 69 50 45 50 50 50
511 68 1 2 1 70 50 50 45 45 50
511 69 1 2 1 71 50 55 40 40 50
511 71 1 2 1 72 50 50 50 50 50
511 72 1 2 1 73 45 50 50 50 45
511 73 1 2 1 74 50 50 45 50 50
511 74 1 2 1 75 50 50 50 50 50
511 75 1 2 1 76 60 50 50 50 50
511 77 1 2 1 77 50 50 50 45 50
511 78 1 2 1 78 50 45 50 50 50
511 79 1 2 1 79 50 50 50 50 50
511 80 1 2 1 80 50 50 50 50 50
511 00 1 0 0 00 50 60 55 50 50
511 02 1 2 2 01 50 55 55 55 50
511 04 1 2 2 02 50 50 55 55 45
511 09 1 2 2 03 50 50 50 50 55
511 11 1 2 2 04 50 50 55 55 50
511 22 1 2 2 05 45 45 45 45 45
511 39 1 2 2 06 50 50 50 45 50
511 40 1 2 2 07 50 45 45 40 50
511 46 1 2 2 08 50 50 55 55 50
511 13 1 2 2 09 50 50 50 55 50
511 76 1 2 2 10 50 45 45 45 45
511 43 1 2 2 11 50 50 50 55 45
511 54 1 2 2 12 50 50 55 55 50
511 01 1 2 2 13 50 45 45 40 50
511 07 1 2 2 14 50 50 50 50 50
511 14 1 2 2 15 50 50 45 45 50
511 30 1 2 2 16 50 50 50 45 50
511 37 1 2 2 17 50 45 50 50 50
511 50 1 2 2 18 50 50 55 50 50
511 52 1 2 2 19 50 50 50 50 50
511 65 1 2 2 20 50 50 50 50 45
511 70 1 2 2 21 50 45 45 45 50
511 38 1 2 2 22 50 50 50 50 50
511 42 1 2 2 23 50 50 55 55 50
511 03 1 2 2 24 45 50 55 55 50
511 05 1 2 2 25 50 50 50 50 50
511 06 1 2 2 26 45 50 45 45 50
511 08 1 2 2 27 45 50 45 50 50
511 10 1 2 2 28 50 50 50 50 50
511 12 1 2 2 29 50 50 50 50 50
511 15 1 2 2 30 50 50 50 60 50
511 16 1 2 2 31 50 50 50 55 50
511 17 1 2 2 32 50 50 45 45 50
511 18 1 2 2 33 50 50 45 40 50
511 19 1 2 2 34 50 50 50 50 50
511 20 1 2 2 35 50 50 50 50 50
511 21 1 2 2 36 50 50 50 50 50
511 23 1 2 2 37 50 50 50 50 50
511 24 1 2 2 38 50 50 45 45 50
511 25 1 2 2 39 50 50 45 45 50
511 26 1 2 2 40 50 50 45 45 50
511 27 1 2 2 41 50 50 50 50 50
511 28 1 2 2 42 50 50 50 50 50
511 29 1 2 2 43 50 50 45 45 50
511 31 1 2 2 44 50 50 45 50 50
511 32 1 2 2 45 50 50 50 45 45
511 33 1 2 2 46 50 50 50 50 50
511 34 1 2 2 47 50 50 45 45 50
511 35 1 2 2 48 50 50 50 45 50
511 36 1 2 2 49 50 45 40 40 50
511 41 1 2 2 50 50 50 50 50 50
511 44 1 2 2 51 50 50 45 45 50
511 45 1 2 2 52 50 50 50 50 50
511 47 1 2 2 53 50 50 45 40 50
511 48 1 2 2 54 50 50 50 50 50
511 49 1 2 2 55 50 50 40 40 50
511 51 1 2 2 56 50 45 45 45 50
511 53 1 2 2 57 50 50 50 50 50
511 55 1 2 2 58 55 55 50 55 50
511 56 1 2 2 59 50 50 50 50 50
511 57 1 2 2 60 50 50 50 50 50
511 58 1 2 2 61 50 50 50 55 50
511 59 1 2 2 62 50 50 50 50 50
511 60 1 2 2 63 50 50 45 45 50
511 61 1 2 2 64 50 50 50 50 50
511 62 1 2 2 65 40 40 45 45 50
511 63 1 2 2 66 50 50 50 50 50
511 64 1 2 2 67 50 50 50 45 50
511 66 1 2 2 68 45 50 45 45 50
511 67 1 2 2 69 50 50 45 45 50
511 68 1 2 2 70 50 45 45 45 50
511 69 1 2 2 71 50 50 50 50 50
511 71 1 2 2 72 50 50 50 45 50
511 72 1 2 2 73 50 50 50 50 50
511 73 1 2 2 74 50 55 50 45 50
511 74 1 2 2 75 50 50 50 50 50
511 75 1 2 2 76 50 50 45 45 50
511 77 1 2 2 77 50 50 50 45 50
511 78 1 2 2 78 50 50 50 50 50
511 79 1 2 2 79 50 50 50 50 50
511 80 1 2 2 80 45 50 45 45 50
511 00 1 0 0 00 55 55 60 55 45
511 02 1 2 3 01 55 55 50 50 50
511 04 1 2 3 02 55 45 40 40 40
511 09 1 2 3 03 55 55 55 60 60
511 11 1 2 3 04 55 60 60 60 60
511 22 1 2 3 05 55 55 55 55 55
511 39 1 2 3 06 50 50 50 45 45
511 40 1 2 3 07 55 55 50 50 50
511 46 1 2 3 08 55 50 50 50 50
511 13 1 2 3 09 60 60 65 65 65
511 76 1 2 3 10 55 50 50 50 50
511 43 1 2 3 11 40 35 40 40 30
511 54 1 2 3 12 60 60 55 60 60
511 01 1 2 3 13 55 50 50 45 45
511 07 1 2 3 14 55 55 55 50 55
511 14 1 2 3 15 50 50 50 50 50
511 30 1 2 3 16 55 55 50 50 40
511 37 1 2 3 17 50 50 50 50 50
511 50 1 2 3 18 55 55 55 60 55
511 52 1 2 3 19 60 55 55 55 60
511 65 1 2 3 20 55 55 50 50 55
511 70 1 2 3 21 70 55 75 55 55
511 38 1 2 3 22 55 55 55 55 50
511 42 1 2 3 23 55 55 50 55 55
511 03 1 2 3 24 55 55 55 55 55
511 05 1 2 3 25 55 50 50 50 50
511 06 1 2 3 26 45 45 45 40 45
511 08 1 2 3 27 55 50 45 45 45
511 10 1 2 3 28 55 50 50 50 55
511 12 1 2 3 29 50 50 50 50 50
511 15 1 2 3 30 55 55 55 55 55
511 16 1 2 3 31 60 60 60 60 60
511 17 1 2 3 32 55 55 55 50 50
511 18 1 2 3 33 45 40 40 40 40
511 19 1 2 3 34 55 50 50 50 45
511 20 1 2 3 35 60 55 55 55 60
511 21 1 2 3 36 55 50 50 50 50
511 23 1 2 3 37 55 55 50 50 50
511 24 1 2 3 38 60 55 55 55 55
511 25 1 2 3 39 60 55 55 55 65
511 26 1 2 3 40 45 45 40 40 40
511 27 1 2 3 41 55 50 60 60 60
511 28 1 2 3 42 40 40 40 40 40
511 29 1 2 3 43 55 55 50 50 50
511 31 1 2 3 44 55 50 50 45 45
511 32 1 2 3 45 50 50 50 50 50
511 33 1 2 3 46 55 50 50 50 45
511 34 1 2 3 47 55 50 50 50 50
511 35 1 2 3 48 55 45 50 50 45
511 36 1 2 3 49 45 40 40 40 40
511 41 1 2 3 50 50 50 50 50 50
511 44 1 2 3 51 45 45 45 45 45
511 45 1 2 3 52 45 45 45 45 45
511 47 1 2 3 53 55 55 55 50 55
511 48 1 2 3 54 50 50 50 50 50
511 49 1 2 3 55 40 35 30 30 30
511 51 1 2 3 56 50 50 50 50 50
511 53 1 2 3 57 50 50 45 45 45
511 55 1 2 3 58 55 55 50 50 50
511 56 1 2 3 59 55 50 55 55 55
511 57 1 2 3 60 50 45 45 45 50
511 58 1 2 3 61 45 45 45 45 45
511 59 1 2 3 62 55 50 50 50 55
511 60 1 2 3 63 40 30 20 20 35
511 61 1 2 3 64 50 50 50 55 55
511 62 1 2 3 65 45 45 45 45 45
511 63 1 2 3 66 55 50 50 50 50
511 64 1 2 3 67 60 50 55 55 60
511 66 1 2 3 68 45 45 45 45 45
511 67 1 2 3 69 50 50 50 50 50
511 68 1 2 3 70 55 50 50 55 55
511 69 1 2 3 71 55 50 55 55 55
511 71 1 2 3 72 50 50 50 50 50
511 72 1 2 3 73 50 50 50 50 50
511 73 1 2 3 74 55 50 55 55 55
511 74 1 2 3 75 45 40 35 35 30
511 75 1 2 3 76 40 40 40 40 40
511 77 1 2 3 77 55 50 55 55 55
511 78 1 2 3 78 45 45 45 45 45
511 79 1 2 3 79 50 50 45 45 50
511 80 1 2 3 80 55 50 45 45 45