501 00 1 0 0 1 0 00 65 70 40 70 30
501 02 1 1 1 1 0 01 70 40 50 70 35
501 04 1 1 1 1 0 02 35 35 35 35 60
501 09 1 1 1 1 0 03 75 80 75 75 35
501 11 1 1 1 1 0 04 50 50 65 75 35
501 22 1 1 1 1 0 05 75 60 80 70 30
501 39 1 1 1 1 0 06 40 50 30 60 30
501 40 1 1 1 1 0 07 35 40 50 60 40
501 46 1 1 1 1 0 08 30 35 30 40 30
501 13 1 1 1 1 0 09 60 50 60 60 30
501 76 1 1 1 1 0 10 70 50 65 70 30
501 43 1 1 1 1 0 11 70 50 70 65 30
501 54 1 1 1 1 0 12 30 35 30 30 50
501 01 1 1 1 1 0 13 55 40 55 40 30
501 07 1 1 1 1 0 14 50 35 40 45 35
501 14 1 1 1 1 0 15 70 60 70 70 30
501 30 1 1 1 1 0 16
501 37 1 1 1 1 0 17 70 60 70 75 30
501 50 1 1 1 1 0 18 80 60 70 70 30
501 52 1 1 1 1 0 19 80 70 75 80 30
501 65 1 1 1 1 0 20 60 55 35 60 30
501 70 1 1 1 1 0 21 75 45 75 80 30
501 38 1 1 1 1 0 22 65 50 60 65 30
501 42 1 1 1 1 0 23 30 30 30 45 30
501 03 1 1 1 1 0 24 50 40 40 30 50
501 05 1 1 1 1 0 25 75 55 65 70 35
501 06 1 1 1 1 0 26 75 40 70 70 30
501 08 1 1 1 1 0 27 75 60 75 75 30
501 10 1 1 1 1 0 28 60 60 60 40 30
501 12 1 1 1 1 0 29 70 70 70 60 30
501 15 1 1 1 1 0 30 60 40 40 50 30
501 16 1 1 1 1 0 31 75 60 70 60 30
501 17 1 1 1 1 0 32 40 45 30 50 30
501 18 1 1 1 1 0 33 40 50 40 65 30
501 19 1 1 1 1 0 34 40 40 50 60 30
501 20 1 1 1 1 0 35 35 45 40 40 30
501 21 1 1 1 1 0 36 30 
501 23 1 1 1 1 0 37 30 30 30 30 30
501 24 1 1 1 1 0 38 60 50 70 70 30
501 25 1 1 1 1 0 39 50 35 60 55 30
501 26 1 1 1 1 0 40 60 40 35 55 30
501 27 1 1 1 1 0 41 40 35 35 40 30
501 28 1 1 1 1 0 42 70 60 60 65 30
501 29 1 1 1 1 0 43 35 35 30 40 30
501 31 1 1 1 1 0 44 40 35 35 30 30
501 32 1 1 1 1 0 45 75 60 60 55 30
501 33 1 1 1 1 0 46 75 60 65 70 30
501 34 1 1 1 1 0 47 75 65 75 75 40
501 35 1 1 1 1 0 48 65 60 60 50 30
501 36 1 1 1 1 0 49 30 40 30 30 30
501 41 1 1 1 1 0 50 60 65 60 65 30
501 44 1 1 1 1 0 51 80 60 75 75 40
501 45 1 1 1 1 0 52 75 70 60 60 30
501 47 1 1 1 1 0 53 60 60 60 65 35
501 48 1 1 1 1 0 54 75 70 75 80 40
501 49 1 1 1 1 0 55 60 50 60 70 35
501 51 1 1 1 1 0 56 75 65 60 60 30
501 53 1 1 1 1 0 57 
501 55 1 1 1 1 0 58          35 30
501 56 1 1 1 1 0 59 50 55 60 70 35
501 57 1 1 1 1 0 60 75 60 70 70 40
501 58 1 1 1 1 0 61 70 60 60 70 30
501 59 1 1 1 1 0 62 50 50 35 60 30
501 60 1 1 1 1 0 63 55 50 40 50 30
501 61 1 1 1 1 0 64
501 62 1 1 1 1 0 65 70 45 60 60 30
501 63 1 1 1 1 0 66 70 45 60 70 30
501 64 1 1 1 1 0 67 65 60 60 70 30
501 66 1 1 1 1 0 68 40 40 35 40 30
501 67 1 1 1 1 0 69 50 50 50 45 30
501 68 1 1 1 1 0 70 60 45 50 60 30
501 69 1 1 1 1 0 71 40 40 40 35 30
501 71 1 1 1 1 0 72 60 45 60 60 40
501 72 1 1 1 1 0 73 55 55 60 70 30
501 73 1 1 1 1 0 74 40 50 35 45 30
501 74 1 1 1 1 0 75 60 50 60 65 30
501 75 1 1 1 1 0 76 40 50 55 55 35
501 77 1 1 1 1 0 77 70 60 60 60 30
501 78 1 1 1 1 0 78 60 50 45 60 30
501 79 1 1 1 1 0 79 40 40 40 45 30
501 80 1 1 1 1 0 80 70 50 60 65 40
501 00 1 0 0 1 0 00 70 65 40 70 30
501 02 1 1 2 1 0 01 35 35 30 40 30
501 04 1 1 2 1 0 02 70 50 60 65 35
501 09 1 1 2 1 0 03 70 50 50 50 30
501 11 1 1 2 1 0 04 30 35 25 30 30
501 22 1 1 2 1 0 05 55 55 50 50 40
501 39 1 1 2 1 0 06 70 55 60 70 45
501 40 1 1 2 1 0 07 60 55 65 75 45
501 46 1 1 2 1 0 08 45 35 30 40 30
501 13 1 1 2 1 0 09 45 50 35 45 45
501 76 1 1 2 1 0 10 70 60 55 60 35
501 43 1 1 2 1 0 11 70 55 60 65 40
501 54 1 1 2 1 0 12 50 45 50 45 30
501 01 1 1 2 1 0 13 45 50 40 45 35
501 07 1 1 2 1 0 14 55 60 50 65 30
501 14 1 1 2 1 0 15 50 55 40 60 30
501 30 1 1 2 1 0 16 70 60 75 70 40
501 37 1 1 2 1 0 17 60 45 55 70 40
501 50 1 1 2 1 0 18 35 35 35 35 30
501 52 1 1 2 1 0 19 65 60 60 65 50
501 65 1 1 2 1 0 20 55 50 55 55 30
501 70 1 1 2 1 0 21 65 55 55 65 35
501 38 1 1 2 1 0 22 50 40 45 45 35
501 42 1 1 2 1 0 23 45 40 45 50 30
501 03 1 1 2 1 0 24 40 45 30 40 30
501 05 1 1 2 1 0 25 70 60 65 70 40
501 06 1 1 2 1 0 26 70 65 70 65 50
501 08 1 1 2 1 0 27 65 55 60 70 40
501 10 1 1 2 1 0 28 55 55 45 65 30
501 12 1 1 2 1 0 29 60
501 15 1 1 2 1 0 30 30 35 35 40 35
501 16 1 1 2 1 0 31 75 65 70 60 45
501 17 1 1 2 1 0 32 30 40 30 40 30
501 18 1 1 2 1 0 33 50 55 55 60 50
501 19 1 1 2 1 0 34 60 55 45 45 35
501 20 1 1 2 1 0 35 45 40 35 30 30
501 21 1 1 2 1 0 36 35 50 35 40 30
501 23 1 1 2 1 0 37 50 50 45 60 30
501 24 1 1 2 1 0 38 65 50 60 65 45
501 25 1 1 2 1 0 39 60 55 60 65 30
501 26 1 1 2 1 0 40 40 40 35 30 30
501 27 1 1 2 1 0 41 35 40 35 35 30
501 28 1 1 2 1 0 42 50 50 60 70 40
501 29 1 1 2 1 0 43 40 40 30 40 30
501 31 1 1 2 1 0 44 40 35 35 45 35
501 32 1 1 2 1 0 45 75 65 60 70 40
501 33 1 1 2 1 0 46 40 40 35 40 30
501 34 1 1 2 1 0 47 60 45 50 50 30
501 35 1 1 2 1 0 48 70 70 55 60 55
501 36 1 1 2 1 0 49 45 40 35 40 30
501 41 1 1 2 1 0 50 40 45 35 40 30
501 44 1 1 2 1 0 51 60 50 50 60 50
501 45 1 1 2 1 0 52 70 60 60 70 40
501 47 1 1 2 1 0 53 60 50 60 55 40
501 48 1 1 2 1 0 54 60 70 55 60 30
501 49 1 1 2 1 0 55 45
501 51 1 1 2 1 0 56 70 65 55 70 35
501 53 1 1 2 1 0 57 60 50 45 50 30
501 55 1 1 2 1 0 58 50 55 40 65 40
501 56 1 1 2 1 0 59 65 50 45 60 35
501 57 1 1 2 1 0 60 65 60 55 65 40
501 58 1 1 2 1 0 61 60 55 45 60 40
501 59 1 1 2 1 0 62 60 60 50 60 35
501 60 1 1 2 1 0 63
501 61 1 1 2 1 0 64 70 55 50 60 35
501 62 1 1 2 1 0 65 70 60 70 65 45
501 63 1 1 2 1 0 66 70 60 55 60 35
501 64 1 1 2 1 0 67 50 60 40 50 30
501 66 1 1 2 1 0 68 65 55 60 60 40
501 67 1 1 2 1 0 69 50 50 45 50 35
501 68 1 1 2 1 0 70 40 50 35 55 30
501 69 1 1 2 1 0 71 40 45 40 60 45
501 71 1 1 2 1 0 72 70 60 55 65 35
501 72 1 1 2 1 0 73 55 55 35 50 40
501 73 1 1 2 1 0 74 60 55 45 50 30
501 74 1 1 2 1 0 75 65 55 55 60 35
501 75 1 1 2 1 0 76 60 50 40 60 30
501 77 1 1 2 1 0 77       35 65 30
501 78 1 1 2 1 0 78 40 40 35 50 30
501 79 1 1 2 1 0 79 50 50 55 65 45
501 80 1 1 2 1 0 80 50 55 50 65 35
502 00 1 0 0 1 0 00 65 80 60 85 40
502 02 1 2 1 1 0 01 60 55 45 50 40
502 04 1 2 1 1 0 02 45 45 40 45 50
502 09 1 2 1 1 0 03 60 65 60 65 45
502 11 1 2 1 1 0 04 65 55 40 50 60
502 22 1 2 1 1 0 05 45 45 45 50 45
502 39 1 2 1 1 0 06 60 60 60 65 35
502 40 1 2 1 1 0 07 50 55 50 55 50
502 46 1 2 1 1 0 08 50 50 50 50 50
502 13 1 2 1 1 0 09 60 65 60 70 35
502 76 1 2 1 1 0 10 60 50 55 45 60
502 43 1 2 1 1 0 11 65 65 55 50 45
502 54 1 2 1 1 0 12 40 45 40 45 55
502 01 1 2 1 1 0 13 45 55 50 50 55
502 07 1 2 1 1 0 14 55 45 45 50 55
502 14 1 2 1 1 0 15 45 55 50 55 60
502 30 1 2 1 1 0 16 60 45 55 60 40
502 37 1 2 1 1 0 17 50 55 55 55 40
502 50 1 2 1 1 0 18 50 65 45 50 35
502 52 1 2 1 1 0 19 50 55 60 55 35
502 65 1 2 1 1 0 20 50 45 55 60 55
502 70 1 2 1 1 0 21 45 40 40 55 45
502 38 1 2 1 1 0 22 55 55 45 45 45
502 42 1 2 1 1 0 23 45 55 55 45 55
502 03 1 2 1 1 0 24 55 55 50 55 40
502 05 1 2 1 1 0 25 45 55 50 50 45
502 06 1 2 1 1 0 26 55 55 60 60 45
502 08 1 2 1 1 0 27 55 55 60 55 45
502 10 1 2 1 1 0 28 50 40 45 45 55
502 12 1 2 1 1 0 29 50 55 55 60 45
502 15 1 2 1 1 0 30 40 55 50 45 50
502 16 1 2 1 1 0 31 45 50 45 45 45
502 17 1 2 1 1 0 32 55 50 55 55 45
502 18 1 2 1 1 0 33 55 55 65 60 45
502 19 1 2 1 1 0 34 55 55 55 50 40
502 20 1 2 1 1 0 35 55 50 55 60 40
502 21 1 2 1 1 0 36 50 50 50 50 45
502 23 1 2 1 1 0 37
502 24 1 2 1 1 0 38 50 50 50 45 55
502 25 1 2 1 1 0 39 45 45 45 45 55
502 26 1 2 1 1 0 40 45 55 55 55 45
502 27 1 2 1 1 0 41 45 45 45 45 55
502 28 1 2 1 1 0 42 55 60 55 55 45
502 29 1 2 1 1 0 43 45 45 45 45 45
502 31 1 2 1 1 0 44 50 55 50 55 45
502 32 1 2 1 1 0 45 50 50 50 50 45
502 33 1 2 1 1 0 46 50 55 50 50 45
502 34 1 2 1 1 0 47 50 50 55 55 50
502 35 1 2 1 1 0 48 45 55 50 50 45
502 36 1 2 1 1 0 49 50 55 50 50 45
502 41 1 2 1 1 0 50 55 50 45 50 55
502 44 1 2 1 1 0 51 55 50 45 50 55
502 45 1 2 1 1 0 52 55 50 55 50 45
502 47 1 2 1 1 0 53 45 50 45 50 55
502 48 1 2 1 1 0 54 50 50 50 50 45
502 49 1 2 1 1 0 55 55 55 55 55 45
502 51 1 2 1 1 0 56 45 50 50 50 45
502 53 1 2 1 1 0 57 45 45 50 50 45
502 55 1 2 1 1 0 58 50 50 35 45 45
502 56 1 2 1 1 0 59 55 50 50 50 45
502 57 1 2 1 1 0 60 55 55 55 55 45
502 58 1 2 1 1 0 61 55 55 55 55 45
502 59 1 2 1 1 0 62 55 50 55 50 45
502 60 1 2 1 1 0 63 50 55 50 50 45
502 61 1 2 1 1 0 64 45 50 40 50 55
502 62 1 2 1 1 0 65 50 50 55 55 35
502 63 1 2 1 1 0 66 50 55 45 50 55
502 64 1 2 1 1 0 67 50 60 45 50 55
502 66 1 2 1 1 0 68 50 50 45 50 50
502 67 1 2 1 1 0 69 45 45 45 45 50
502 68 1 2 1 1 0 70 50 50 55 50 45
502 69 1 2 1 1 0 71 50 50 50 50 45
502 71 1 2 1 1 0 72 55 50 45 50 50
502 72 1 2 1 1 0 73 50 50 50 50 50
502 73 1 2 1 1 0 74 45 50 45 45 55
502 74 1 2 1 1 0 75 55 50 50 50 45
502 75 1 2 1 1 0 76 50 50 55 55 45
502 77 1 2 1 1 0 77 50 45 50 55 50
502 78 1 2 1 1 0 78 50 45 45 45 50
502 79 1 2 1 1 0 79 45 45 40 45 50
502 80 1 2 1 1 0 80 45 45 45 45 55
502 00 1 0 0 1 0 00 60 65 50 65 40
502 02 1 2 2 1 0 01 40 45 40 45 55
502 04 1 2 2 1 0 02 45 40 45 45 55
502 09 1 2 2 1 0 03 45 45 45 45 50
502 11 1 2 2 1 0 04 45 45 45 45 55
502 22 1 2 2 1 0 05 50 45 45 45 55
502 39 1 2 2 1 0 06 50 50 45 45 45
502 40 1 2 2 1 0 07 50 45 50 50 45
502 46 1 2 2 1 0 08 40 45 45 45 50
502 13 1 2 2 1 0 09 45 45 50 45 55
502 76 1 2 2 1 0 10 50 55 50 50 55
502 43 1 2 2 1 0 11 50 50 50 50 45
502 54 1 2 2 1 0 12 50 50 45 50 45
502 01 1 2 2 1 0 13 45 45 45 45 60
502 07 1 2 2 1 0 14 50 50 50 50 45
502 14 1 2 2 1 0 15 55 55 55 55 50
502 30 1 2 2 1 0 16 60 60 60 60 45
502 37 1 2 2 1 0 17 45 45 45 45 45
502 50 1 2 2 1 0 18 45 45 45 45 50
502 52 1 2 2 1 0 19 50 50 50 50 45
502 65 1 2 2 1 0 20 50 50 50 50 45
502 70 1 2 2 1 0 21 55 55 55 55 50
502 38 1 2 2 1 0 22 50 50 55 50 55
502 42 1 2 2 1 0 23 45 45 45 45 55
502 03 1 2 2 1 0 24 45 45 45 45 45
502 05 1 2 2 1 0 25 55 55 55 55 45
502 06 1 2 2 1 0 26 50 50 55 50 50
502 08 1 2 2 1 0 27 55 55 55 55 45
502 10 1 2 2 1 0 28 50 50 50 50 45
502 12 1 2 2 1 0 29 50 50 50 50 45
502 15 1 2 2 1 0 30 45 45 45 45 50
502 16 1 2 2 1 0 31 45 50 45 45 50
502 17 1 2 2 1 0 32 50 50 50 50 45
502 18 1 2 2 1 0 33 50 50 50 50 45
502 19 1 2 2 1 0 34 50 50 45 45 55
502 20 1 2 2 1 0 35 50 50 50 50 55
502 21 1 2 2 1 0 36 50 45 50 50 45
502 23 1 2 2 1 0 37 50 50 55 50 45
502 24 1 2 2 1 0 38 45 45 50 45 55
502 25 1 2 2 1 0 39 50 50 45 50 45
502 26 1 2 2 1 0 40 50 50 45 50 60
502 27 1 2 2 1 0 41 50 50 45 50 45
502 28 1 2 2 1 0 42 50 50 50 50 45
502 29 1 2 2 1 0 43 45 45 50 50 45
502 31 1 2 2 1 0 44 55 50 55 55 55
502 32 1 2 2 1 0 45 55 50 50 55 45
502 33 1 2 2 1 0 46 45 45 45 45 55
502 34 1 2 2 1 0 47 55 55 55 55 45
502 35 1 2 2 1 0 48 45 45 45 45 45
502 36 1 2 2 1 0 49 45 45 55 45 55
502 41 1 2 2 1 0 50 45 45 45 45 50
502 44 1 2 2 1 0 51 50 50 50 50 45
502 45 1 2 2 1 0 52 50 45 55 55 55
502 47 1 2 2 1 0 53 45 50 45 50 55
502 48 1 2 2 1 0 54 45 45 45 45 55
502 49 1 2 2 1 0 55 55 55 55 55 45
502 51 1 2 2 1 0 56 45 45 45 50 60
502 53 1 2 2 1 0 57 45 45 50 50 45
502 55 1 2 2 1 0 58 50 50 45 50 60
502 56 1 2 2 1 0 59 50 45 55 55 50
502 57 1 2 2 1 0 60 50 50 45 50 45
502 58 1 2 2 1 0 61 60 60 60 60 40
502 59 1 2 2 1 0 62 45 45 45 45 55
502 60 1 2 2 1 0 63 50 50 45 45 50
502 61 1 2 2 1 0 64 60 55 55 55 45
502 62 1 2 2 1 0 65 45 40 45 45 55
502 63 1 2 2 1 0 66 45 50 50 50 45
502 64 1 2 2 1 0 67 45 45 45 45 55
502 66 1 2 2 1 0 68 50 50 55 50 45
502 67 1 2 2 1 0 69 50 50 50 50 45
502 68 1 2 2 1 0 70 50 45 50 50 55
502 69 1 2 2 1 0 71 45 45 50 45 50
502 71 1 2 2 1 0 72 55 45 50 50 45
502 72 1 2 2 1 0 73 55 55 55 50 45
502 73 1 2 2 1 0 74 45 45 45 45 55
502 74 1 2 2 1 0 75 55 55 60 55 50
502 75 1 2 2 1 0 76 50 55 55 50 45
502 77 1 2 2 1 0 77 50 45 50 45 45
502 78 1 2 2 1 0 78 50 50 45 45 45
502 79 1 2 2 1 0 79 55 55 55 55 60
502 80 1 2 2 1 0 80 45 45 45 45 55
503 00 1 0 0 0 0 45 70 50 75 35
503 02 1 1 1 1 0 01 45 55 55 60 40
503 04 1 1 1 1 0 02 50 45 40 45 60
503 09 1 1 1 1 0 03 60 60 60 60 60
503 11 1 1 1 1 0 04 40 50 40 50 50
503 22 1 1 1 1 0 05 40 40 45 40 60
503 39 1 1 1 1 0 06 40 40 35 50 55
503 40 1 1 1 1 0 07 40 40 40 40 45
503 46 1 1 1 1 0 08 50 40 35 50 55
503 13 1 1 1 1 0 09 50 55 40 55 60
503 76 1 1 1 1 0 10 55 55 50 55 55
503 43 1 1 1 1 0 11 40 45 45 55 50
503 54 1 1 1 1 0 12 55 40 35 45 35
503 01 1 1 1 1 0 13 50 50 40 45 40
503 07 1 1 1 1 0 14 45 40 45 40 40
503 14 1 1 1 1 0 15 55 50 45 60 50
503 30 1 1 1 1 0 16 55 55 60 60 40
503 37 1 1 1 1 0 17 50 40 60 50 60
503 50 1 1 1 1 0 18 50 40 60 45 55
503 52 1 1 1 1 0 19 50 50 60 55 55
503 65 1 1 1 1 0 20 40 50 55 50 50
503 70 1 1 1 1 0 21 35 45 40 50 45
503 38 1 1 1 1 0 22 45 55 50 40 30
503 42 1 1 1 1 0 23 40 40 35 50 35
503 03 1 1 1 1 0 24 45 50 45 55 40
503 05 1 1 1 1 0 25 50 60 50 55 40
503 06 1 1 1 1 0 26 55 55 60 60 45
503 08 1 1 1 1 0 27 50 60 60 60 55
503 10 1 1 1 1 0 28 50 45 40 40 35
503 12 1 1 1 1 0 29 50 50 60 60 60
503 15 1 1 1 1 0 30 40 50 40 50 50
503 16 1 1 1 1 0 31 50 55 40 55 60
503 17 1 1 1 1 0 32 50 45 40 40 60
503 18 1 1 1 1 0 33 40 50 55 60 40
503 19 1 1 1 1 0 34 40 40 40 55 40
503 20 1 1 1 1 0 35 40 40 35 40 60
503 21 1 1 1 1 0 36 40 55 40 50 50
503 23 1 1 1 1 0 37 50 40 40 40 60
503 24 1 1 1 1 0 38 60 50 60 50 40
503 25 1 1 1 1 0 39 40 50 40 40 45
503 26 1 1 1 1 0 40 55 50 45 45 60
503 27 1 1 1 1 0 41 50 50 50 55 30
503 28 1 1 1 1 0 42 45 50 60 60 60
503 29 1 1 1 1 0 43 50 35 30 40 35
503 31 1 1 1 1 0 44 40 55 50 50 55
503 32 1 1 1 1 0 45 50 50 45 40 40
503 33 1 1 1 1 0 46 55 60 55 50 45
503 34 1 1 1 1 0 47 55 60 55 60 50
503 35 1 1 1 1 0 48 55 55 55 55 40
503 36 1 1 1 1 0 49 45 45 45 55 60
503 41 1 1 1 1 0 50 45 40 45 40 35
503 44 1 1 1 1 0 51 50 60 55 60 60
503 45 1 1 1 1 0 52 50 50 55 50 55
503 47 1 1 1 1 0 53 40 40 50 45 50
503 48 1 1 1 1 0 54 45 50 60 55 60
503 49 1 1 1 1 0 55 50 55 45 55 40
503 51 1 1 1 1 0 56 50 50 50 45 55
503 53 1 1 1 1 0 57 40 55 45 50 45
503 55 1 1 1 1 0 58 45 45 50 55 40
503 56 1 1 1 1 0 59 55 55 55 55 35
503 57 1 1 1 1 0 60 60 50 55 55 60
503 58 1 1 1 1 0 61 40 40 50 45 40
503 59 1 1 1 1 0 62 40 50 50 60 50
503 60 1 1 1 1 0 63 40 45 35 55 50
503 61 1 1 1 1 0 64 50 55 50 45 55
503 62 1 1 1 1 0 65 50 60 60 60 60
503 63 1 1 1 1 0 66 55 55 40 55 50
503 64 1 1 1 1 0 67 40 50 50 50 65
503 66 1 1 1 1 0 68 40 40 40 40 50
503 67 1 1 1 1 0 69 50 55 45 60 60
503 68 1 1 1 1 0 70 55 60 45 60 40
503 69 1 1 1 1 0 71 50 60 50 55 50
503 71 1 1 1 1 0 72 50 55 65 60 50
503 72 1 1 1 1 0 73 55 40 50 55 35
503 73 1 1 1 1 0 74 40 40 40 40 50
503 74 1 1 1 1 0 75 50 60 50 55 50
503 75 1 1 1 1 0 76 45 55 55 55 55
503 77 1 1 1 1 0 77 40 50 65 60 65
503 78 1 1 1 1 0 78 60 60 60 60 55
503 79 1 1 1 1 0 79 50 40 40 40 50
503 80 1 1 1 1 0 80 50 40 55 45 60
503 00 1 0 0 0 0 35 70 50 60 30
503 02 1 1 2 1 0 01 60 60 45 55 50
503 04 1 1 2 1 0 02 45 45 55 50 50
503 09 1 1 2 1 0 03 40 55 55 60 50
503 11 1 1 2 1 0 04 30 40 50 55 60
503 22 1 1 2 1 0 05 35 40 50 40 40
503 39 1 1 2 1 0 06 50 50 50 55 65
503 40 1 1 2 1 0 07 35 60 65 65 55
503 46 1 1 2 1 0 08 55 50 40 55 40
503 13 1 1 2 1 0 09 30 40 50 45 60
503 76 1 1 2 1 0 10 60 45 55 60 55
503 43 1 1 2 1 0 11 40 55 55 60 50
503 54 1 1 2 1 0 12 55 55 40 50 30
503 01 1 1 2 1 0 13 35 45 40 35 40
503 07 1 1 2 1 0 14 35 45 50 50 55
503 14 1 1 2 1 0 15 30 55 40 55 50
503 30 1 1 2 1 0 16 40 65 65 55 30
503 37 1 1 2 1 0 17 40 45 45 55 65
503 50 1 1 2 1 0 18 55 50 60 50 40
503 52 1 1 2 1 0 19 50 45 65 60 60
503 65 1 1 2 1 0 20 40 40 45 55 40
503 70 1 1 2 1 0 21 60 50 40 60 50
503 38 1 1 2 1 0 22 50 55 40 60 30
503 42 1 1 2 1 0 23 35 40 35 55 30
503 03 1 1 2 1 0 24 50 35 35 50 35
503 05 1 1 2 1 0 25 40 60 50 60 60
503 06 1 1 2 1 0 26 35 50 65 55 60
503 08 1 1 2 1 0 27 60 50 45 60 60
503 10 1 1 2 1 0 28 45 50 40 55 55
503 12 1 1 2 1 0 29 40 50 60 45 60
503 15 1 1 2 1 0 30 50 50 40 40 40
503 16 1 1 2 1 0 31 60 50 65 50 40
503 17 1 1 2 1 0 32 50 55 30 50 55
503 18 1 1 2 1 0 33 50 45 55 65 50
503 19 1 1 2 1 0 34 65 40 45 40 35
503 20 1 1 2 1 0 35 50 45 40 45 35
503 21 1 1 2 1 0 36 60 50 60 55 50
503 23 1 1 2 1 0 37 40 40 65 60 60
503 24 1 1 2 1 0 38 40 50 65 60 60
503 25 1 1 2 1 0 39 35 40 50 55 40
503 26 1 1 2 1 0 40 50 30 60 50 50
503 27 1 1 2 1 0 41 40 55 40 55 30
503 28 1 1 2 1 0 42 40 45 55 55 50
503 29 1 1 2 1 0 43 60 45 35 55 65
503 31 1 1 2 1 0 44 50 55 40 60 60
503 32 1 1 2 1 0 45 40 60 65 60 60
503 33 1 1 2 1 0 46 50 55 55 60 50
503 34 1 1 2 1 0 47 60 50 45 60 50
503 35 1 1 2 1 0 48 40 50 70 65 55
503 36 1 1 2 1 0 49 30 40 55 60 50
503 41 1 1 2 1 0 50 40 55 45 65 30
503 44 1 1 2 1 0 51 65 45 50 60 65
503 45 1 1 2 1 0 52
503 47 1 1 2 1 0 53 40 50 50 60 50
503 48 1 1 2 1 0 54 60 55 30 55 40
503 49 1 1 2 1 0 55 35 40 60 55 65
503 51 1 1 2 1 0 56 30 55 50 60 30
503 53 1 1 2 1 0 57 65 55 60 55 65
503 55 1 1 2 1 0 58 55 55 55 55 65
503 56 1 1 2 1 0 59 40 55 55 40 40
503 57 1 1 2 1 0 60 40 55 55 45 65
503 58 1 1 2 1 0 61 60 60 55 50 50
503 59 1 1 2 1 0 62 50 50 50 45 55
503 60 1 1 2 1 0 63 40 40 35 60 30
503 61 1 1 2 1 0 64 30 50 50 60 45
503 62 1 1 2 1 0 65 40 50 75 55 50
503 63 1 1 2 1 0 66 50 45 60 45 35
503 64 1 1 2 1 0 67 35 45 60 50 65
503 66 1 1 2 1 0 68 40 50 50 45 60
503 67 1 1 2 1 0 69 60 40 40 55 55
503 68 1 1 2 1 0 70 60 55 40 50 55
503 69 1 1 2 1 0 71 65 50 50 45 35
503 71 1 1 2 1 0 72 35 55 55 50 55
503 72 1 1 2 1 0 73 40 55 45 65 50
503 73 1 1 2 1 0 74 50 50 35 45 60
503 74 1 1 2 1 0 75 50 60 50 55 50
503 75 1 1 2 1 0 76 50 60 50 65 55
503 77 1 1 2 1 0 77 55 40 40 60 60
503 78 1 1 2 1 0 78 35 50 40 50 65
503 79 1 1 2 1 0 79 50 35 55 50 45
503 80 1 1 2 1 0 80 35 50 55 60 55
504 00 1 0 0 1 0 00 65 75 70 65 55
504 02 1 2 1 1 0 01 40 65 50 45 40
504 04 1 2 1 1 0 02 65 70 55 50 60
504 09 1 2 1 1 0 03 45 50 30 50 50
504 11 1 2 1 1 0 04 50 45 40 50 45
504 22 1 2 1 1 0 05 60 65 70 70 45
504 39 1 2 1 1 0 06 45 50 40 55 40
504 40 1 2 1 1 0 07 65 70 70 70 50
504 46 1 2 1 1 0 08 50 55 50 55 45
504 13 1 2 1 1 0 09 45 55 45 55 50
504 76 1 2 1 1 0 10 55 50 60 60 55
504 43 1 2 1 1 0 11 65 50 55 60 45
504 54 1 2 1 1 0 12 40 45 35 50 40
504 01 1 2 1 1 0 13 50 50 45 55 45
504 07 1 2 1 1 0 14 60 50 55 55 45
504 14 1 2 1 1 0 15 55 50 50 55 40
504 30 1 2 1 1 0 16 55 55 60 60 50
504 37 1 2 1 1 0 17 50 50 55 55 45
504 50 1 2 1 1 0 18 60 50 65 65 50
504 52 1 2 1 1 0 19 60 45 50 65 50
504 65 1 2 1 1 0 20 45 50 50 50 45
504 70 1 2 1 1 0 21 45 45 45 50 40
504 38 1 2 1 1 0 22 50 50 45 50 50
504 42 1 2 1 1 0 23 50 50 45 50 45
504 03 1 2 1 1 0 24 45 50 40 50 45
504 05 1 2 1 1 0 25 55 55 60 60 45
504 06 1 2 1 1 0 26 45 55 50 50 45
504 08 1 2 1 1 0 27 60 50 60 60 50
504 10 1 2 1 1 0 28 50 45 50 50 45
504 12 1 2 1 1 0 29 55 50 60 55 50
504 15 1 2 1 1 0 30 55 50 45 50 50
504 16 1 2 1 1 0 31 45 50 50 50 50
504 17 1 2 1 1 0 32 55 50 55 60 50
504 18 1 2 1 1 0 33 55 50 55 50 55
504 19 1 2 1 1 0 34 45 45 50 45 40
504 20 1 2 1 1 0 35 50 45 50 50 40
504 21 1 2 1 1 0 36 45 45 45 50 50
504 23 1 2 1 1 0 37 50 55 50 50 50
504 24 1 2 1 1 0 38 55 50 45 55 45
504 25 1 2 1 1 0 39 60 55 55 60 50
504 26 1 2 1 1 0 40 55 50 60 60 50
504 27 1 2 1 1 0 41 45 45 40 45 55
504 28 1 2 1 1 0 42 55 55 50 55 50
504 29 1 2 1 1 0 43 50 50 50 50 50
504 31 1 2 1 1 0 44 55 55 45 50 50
504 32 1 2 1 1 0 45 55 55 45 50 45
504 33 1 2 1 1 0 46 55 55 60 60 50
504 34 1 2 1 1 0 47 50 55 45 50 45
504 35 1 2 1 1 0 48 50 55 45 45 50
504 36 1 2 1 1 0 49 55 45 50 50 50
504 41 1 2 1 1 0 50 55 50 55 55 55
504 44 1 2 1 1 0 51 65 55 65 60 55
504 45 1 2 1 1 0 52 45 55 45 50 50
504 47 1 2 1 1 0 53 50 50 55 55 50
504 48 1 2 1 1 0 54 55 50 50 55 50
504 49 1 2 1 1 0 55 60 55 55 55 50
504 51 1 2 1 1 0 56 45 45 40 50 50
504 53 1 2 1 1 0 57 50 55 50 50 55
504 55 1 2 1 1 0 58 55 55 50 50 50
504 56 1 2 1 1 0 59 50 50 55 55 55
504 57 1 2 1 1 0 60 50 55 45 55 50
504 58 1 2 1 1 0 61 60 50 60 60 55
504 59 1 2 1 1 0 62 50 45 45 50 50
504 60 1 2 1 1 0 63 55 55 55 60 55
504 61 1 2 1 1 0 64 50 50 50 55 50
504 62 1 2 1 1 0 65 55 55 50 55 55
504 63 1 2 1 1 0 66 55 50 50 55 50
504 64 1 2 1 1 0 67 55 45 55 55 45
504 66 1 2 1 1 0 68 55 45 45 50 55
504 67 1 2 1 1 0 69 45 45 50 50 50
504 68 1 2 1 1 0 70 60 55 55 55 55
504 69 1 2 1 1 0 71 55 50 55 55 55
504 71 1 2 1 1 0 72 50 55 55 55 50
504 72 1 2 1 1 0 73 50 50 55 55 55
504 73 1 2 1 1 0 74 45 45 45 50 45
504 74 1 2 1 1 0 75 45 45 55 60 50
504 75 1 2 1 1 0 76 55 55 55 60 50
504 77 1 2 1 1 0 77 50 55 55 50 55
504 78 1 2 1 1 0 78 45 45 50 50 45
504 79 1 2 1 1 0 79 45 50 45 50 45
504 80 1 2 1 1 0 80 40 45 40 45 40
504 00 1 0 0 1 0 00 60 70 65 55 55
504 02 1 2 2 1 0 01 45 40 45 50 55
504 04 1 2 2 1 0 02 50 40 40 50 45
504 09 1 2 2 1 0 03 45 40 40 50 45
504 11 1 2 2 1 0 04 40 50 40 50 40
504 22 1 2 2 1 0 05 60 50 60 55 40
504 39 1 2 2 1 0 06 60 50 60 55 50
504 40 1 2 2 1 0 07 60 50 60 60 55
504 46 1 2 2 1 0 08 50 50 50 45 40
504 13 1 2 2 1 0 09 50 50 45 50 40
504 76 1 2 2 1 0 10 60 60 55 55 50
504 43 1 2 2 1 0 11 55 50 60 60 45
504 54 1 2 2 1 0 12 55 50 60 60 55
504 01 1 2 2 1 0 13 60 50 60 55 55
504 07 1 2 2 1 0 14 60 55 60 60 45
504 14 1 2 2 1 0 15 50 60 55 50 45
504 30 1 2 2 1 0 16 50 55 60 60 45
504 37 1 2 2 1 0 17 60 50 55 55 55
504 50 1 2 2 1 0 18 40 50 45 45 40
504 52 1 2 2 1 0 19 60 55 60 60 50
504 65 1 2 2 1 0 20 55 55 50 50 45
504 70 1 2 2 1 0 21 55 50 55 55 50
504 38 1 2 2 1 0 22 50 50 40 50 40
504 42 1 2 2 1 0 23 50 45 40 50 40
504 03 1 2 2 1 0 24 55 50 40 50 55
504 05 1 2 2 1 0 25 60 55 60 60 50
504 06 1 2 2 1 0 26 55 55 50 50 45
504 08 1 2 2 1 0 27 55 50 55 60 55
504 10 1 2 2 1 0 28 50 50 45 50 50
504 12 1 2 2 1 0 29 60 55 60 60 50
504 15 1 2 2 1 0 30 45 55 45 55 40
504 16 1 2 2 1 0 31 55 50 50 60 45
504 17 1 2 2 1 0 32 60 60 60 55 45
504 18 1 2 2 1 0 33 60 55 60 60 55
504 19 1 2 2 1 0 34 55 50 50 50 50
504 20 1 2 2 1 0 35 50 50 45 55 45
504 21 1 2 2 1 0 36 45 50 45 50 50
504 23 1 2 2 1 0 37 55 55 55 60 50
504 24 1 2 2 1 0 38 60 55 50 50 50
504 25 1 2 2 1 0 39 60 55 55 60 50
504 26 1 2 2 1 0 40 50 55 60 60 50
504 27 1 2 2 1 0 41 55 60 50 50 50
504 28 1 2 2 1 0 42 55 60 60 60 50
504 29 1 2 2 1 0 43 55 55 60 60 50
504 31 1 2 2 1 0 44 60 55 60 55 50
504 32 1 2 2 1 0 45 60 60 50 50 40
504 33 1 2 2 1 0 46 60 55 50 55 45
504 34 1 2 2 1 0 47 60 60 55 60 55
504 35 1 2 2 1 0 48 55 50 50 50 45
504 36 1 2 2 1 0 49 60 55 55 55 55
504 41 1 2 2 1 0 50 50 50 50 55 55
504 44 1 2 2 1 0 51 55 50 55 60 50
504 45 1 2 2 1 0 52 60 60 55 55 50
504 47 1 2 2 1 0 53 60 55 60 55 55
504 48 1 2 2 1 0 54 50 55 55 60 50
504 49 1 2 2 1 0 55 65 55 60 60 50
504 51 1 2 2 1 0 56 60 55 50 55 45
504 53 1 2 2 1 0 57 60 60 55 60 45
504 55 1 2 2 1 0 58 50 50 45 45 45
504 56 1 2 2 1 0 59 60 60 45 50 55
504 57 1 2 2 1 0 60 55 55 50 50 50
504 58 1 2 2 1 0 61 50 55 50 60 45
504 59 1 2 2 1 0 62 55 50 40 50 50
504 60 1 2 2 1 0 63 60 55 60 65 55
504 61 1 2 2 1 0 64 50 55 60 60 55
504 62 1 2 2 1 0 65 60 55 60 60 50
504 63 1 2 2 1 0 66 50 55 60 60 55
504 64 1 2 2 1 0 67 45 50 45 50 40
504 66 1 2 2 1 0 68 50 55 50 50 40
504 67 1 2 2 1 0 69 50 40 45 50 45
504 68 1 2 2 1 0 70 55 60 55 65 45
504 69 1 2 2 1 0 71 50 45 50 50 50
504 71 1 2 2 1 0 72 45 50 55 55 55
504 72 1 2 2 1 0 73 55 60 55 60 50
504 73 1 2 2 1 0 74 50 60 50 50 45
504 74 1 2 2 1 0 75 50 60 55 50 50
504 75 1 2 2 1 0 76 60 55 60 60 50
504 77 1 2 2 1 0 77 45 45 50 50 50
504 78 1 2 2 1 0 78 45 50 50 50 50
504 79 1 2 2 1 0 79 45 50 60 60 50
504 80 1 2 2 1 0 80 45 50 50 55 45
505 00 1 0 0 1 0 00 70 70 35 75 50
505 02 1 1 1 1 0 01 60 60 40 55 40
505 04 1 1 1 1 0 02 50 45 35 45 60
505 09 1 1 1 1 0 03 60 65 70 75 45
505 11 1 1 1 1 0 04 60 70 60 70 60
505 22 1 1 1 1 0 05 45 40 65 40 50
505 39 1 1 1 1 0 06 45 45 50 45 45
505 40 1 1 1 1 0 07 55    55 65 50
505 46 1 1 1 1 0 08 55 40 35 60 40
505 13 1 1 1 1 0 09 50 50 55 65 50
505 76 1 1 1 1 0 10 45 50 35 55 70
505 43 1 1 1 1 0 11 55 35 45 55 35
505 54 1 1 1 1 0 12 45 55 45 50 35
505 01 1 1 1 1 0 13 40 45 40 50 40
505 07 1 1 1 1 0 14 60 60 35 60 45
505 14 1 1 1 1 0 15 40 40 30 55 40
505 30 1 1 1 1 0 16 60 55 60 40 50
505 37 1 1 1 1 0 17 50 40 60 50 45
505 50 1 1 1 1 0 18 50 50 60 60 40
505 52 1 1 1 1 0 19 60 60 60 65 35
505 65 1 1 1 1 0 20 45 45 35 50 70
505 70 1 1 1 1 0 21 50 40 35 45 65
505 38 1 1 1 1 0 22 40 45 40 50 60
505 42 1 1 1 1 0 23 40 40 40 45 50
505 03 1 1 1 1 0 24 60 65 40 60 60
505 05 1 1 1 1 0 25 60 60 35 65 70
505 06 1 1 1 1 0 26 60 40 60 60 50
505 08 1 1 1 1 0 27 60 60 60 65 50
505 10 1 1 1 1 0 28 60 60 35 60 65
505 12 1 1 1 1 0 29 65 65 65 65 60
505 15 1 1 1 1 0 30 55 55 35 65 65
505 16 1 1 1 1 0 31 60 35 65 60 60
505 17 1 1 1 1 0 32 55 50 35 50 40
505 18 1 1 1 1 0 33 50 45 35 50 60
505 19 1 1 1 1 0 34 35 60 65 65 40
505 20 1 1 1 1 0 35 55 45 35 65 65
505 21 1 1 1 1 0 36 50 40 40 55 60
505 23 1 1 1 1 0 37 50 40 30 60 75
505 24 1 1 1 1 0 38 60 65 65 70 50
505 25 1 1 1 1 0 39 40 30 55 55 50
505 26 1 1 1 1 0 40 60 65 40 65 55
505 27 1 1 1 1 0 41 45 40 35 50 60
505 28 1 1 1 1 0 42 60 60 60 55 60
505 29 1 1 1 1 0 43 40 40 30 55 60
505 31 1 1 1 1 0 44 45 50 40 60 30
505 32 1 1 1 1 0 45 60 60 60 65 65
505 33 1 1 1 1 0 46 65 55 40 60 60
505 34 1 1 1 1 0 47 55 65 60 45 60
505 35 1 1 1 1 0 48 75 60 60 65 70
505 36 1 1 1 1 0 49 50 45 45 45 60
505 41 1 1 1 1 0 50 60 55 40 65 65
505 44 1 1 1 1 0 51 65 40 45 65 60
505 45 1 1 1 1 0 52 65 40 30 65 60
505 47 1 1 1 1 0 53 60 55 40 55 60
505 48 1 1 1 1 0 54 60 60 45 60 60
505 49 1 1 1 1 0 55 50 45 40 60 65
505 51 1 1 1 1 0 56 55 60 35 60 60
505 53 1 1 1 1 0 57 45 40 30 60 60
505 55 1 1 1 1 0 58 50 40 40 55 75
505 56 1 1 1 1 0 59 70 60 55 60 40
505 57 1 1 1 1 0 60 55 45 40 60 60
505 58 1 1 1 1 0 61 55 45 35 65 65
505 59 1 1 1 1 0 62 60 60 40 60 55
505 60 1 1 1 1 0 63 60 45 45 50 60
505 61 1 1 1 1 0 64 60 50 60 60 60
505 62 1 1 1 1 0 65 60 60 65 65 55
505 63 1 1 1 1 0 66 55 55 40 65 55
505 64 1 1 1 1 0 67 60 35 60 60 60
505 66 1 1 1 1 0 68 60 45 45 60 60
505 67 1 1 1 1 0 69 65 50 30 60 60
505 68 1 1 1 1 0 70 40 45 35 50 60
505 69 1 1 1 1 0 71 55 65 40 50 55
505 71 1 1 1 1 0 72 60 60    65 40
505 72 1 1 1 1 0 73 60 60 60 65 60
505 73 1 1 1 1 0 74 50 50 45 60 50
505 74 1 1 1 1 0 75 65 60 60 70 45
505 75 1 1 1 1 0 76 60 60 40 60 65
505 77 1 1 1 1 0 77 70 65 70 70 55
505 78 1 1 1 1 0 78 60 60 60 60 50
505 79 1 1 1 1 0 79 65 60 45 55 60
505 80 1 1 1 1 0 80 45 40 65 45 55
505 00 1 0 0 1 0 00 70 80 30 80 65
505 02 1 1 2 1 0 01 50 45 40 50 60
505 04 1 1 2 1 0 02 45 40 50 60 55
505 09 1 1 2 1 0 03 60 60 70 70 35
505 11 1 1 2 1 0 04 50 30 40 45 50
505 22 1 1 2 1 0 05 45 40 50 50 60
505 39 1 1 2 1 0 06 45 35 50 60 55
505 40 1 1 2 1 0 07 40 45 60 75 50
505 46 1 1 2 1 0 08 60 60 35 70 60
505 13 1 1 2 1 0 09 45 45 65 70 50
505 76 1 1 2 1 0 10 65 60 60 75 50
505 43 1 1 2 1 0 11 55 45 65 65 55
505 54 1 1 2 1 0 12 55 60 55 55 45
505 01 1 1 2 1 0 13 50 40 55 60 50
505 07 1 1 2 1 0 14 45 45 55 50 50
505 14 1 1 2 1 0 15 50 40 50 50 50
505 30 1 1 2 1 0 16 60 60 70 70 55
505 37 1 1 2 1 0 17 45 30 55 60 65
505 50 1 1 2 1 0 18 40 40 35 40 65
505 52 1 1 2 1 0 19 60 60 60 70 50
505 65 1 1 2 1 0 20 50 45 50 50 60
505 70 1 1 2 1 0 21 55 60 60 65 50
505 38 1 1 2 1 0 22 60 60 50 50 40
505 42 1 1 2 1 0 23 45 35 45 45 40
505 03 1 1 2 1 0 24 40 40 40 40 50
505 05 1 1 2 1 0 25 50 40 65 60 50
505 06 1 1 2 1 0 26 60 65 75 70 30
505 08 1 1 2 1 0 27 60 60 70 60 60
505 10 1 1 2 1 0 28 40 45 35 60 50
505 12 1 1 2 1 0 29 65 70 70 75 40
505 15 1 1 2 1 0 30 60 65 45 60 50
505 16 1 1 2 1 0 31 65 70 70 70 75
505 17 1 1 2 1 0 32 50 50 40 60 55
505 18 1 1 2 1 0 33 60 55 55 65 65
505 19 1 1 2 1 0 34 50 45 55 60 50
505 20 1 1 2 1 0 35 40 40 50 60 55
505 21 1 1 2 1 0 36 55 50 30 50 60
505 23 1 1 2 1 0 37 60 65 60 60 60
505 24 1 1 2 1 0 38 60 70 65 75 40
505 25 1 1 2 1 0 39 40 40 45 45 50
505 26 1 1 2 1 0 40 40 20 30 30 50
505 27 1 1 2 1 0 41 50 40 40 50 50
505 28 1 1 2 1 0 42 45 30 60 45 50
505 29 1 1 2 1 0 43 55 60 40 55 50
505 31 1 1 2 1 0 44 45 35 60 40 50
505 32 1 1 2 1 0 45 60 60 70 60 35
505 33 1 1 2 1 0 46 45 50 40 60 65
505 34 1 1 2 1 0 47 50 45 60 60 40
505 35 1 1 2 1 0 48 55 60 70 65 65
505 36 1 1 2 1 0 49 45 55 60 60 60
505 41 1 1 2 1 0 50 40 50 30 50 60
505 44 1 1 2 1 0 51 60 55 65 70 60
505 45 1 1 2 1 0 52 50 40 55 60 50
505 47 1 1 2 1 0 53 55 60 60 70 60
505 48 1 1 2 1 0 54 50 40 45 50 60
505 49 1 1 2 1 0 55 55 60 50 60 60
505 51 1 1 2 1 0 56 55 55 55 65 55
505 53 1 1 2 1 0 57 50 40 60 60 55
505 55 1 1 2 1 0 58 55 30 60 50 65
505 56 1 1 2 1 0 59 45 40 60 60 65
505 57 1 1 2 1 0 60 55 55 50 60 60
505 58 1 1 2 1 0 61 45 30 60 50 60
505 59 1 1 2 1 0 62
505 60 1 1 2 1 0 63 55 40 40 55 65
505 61 1 1 2 1 0 64 50 40 55 60 60
505 62 1 1 2 1 0 65 45 30 70 55 50
505 63 1 1 2 1 0 66 55 60 65 60 35
505 64 1 1 2 1 0 67 45 40 60 60 60
505 66 1 1 2 1 0 68 45 60 55 60 45
505 67 1 1 2 1 0 69 45 35 45 50 40
505 68 1 1 2 1 0 70 55 60 45 60 55
505 69 1 1 2 1 0 71 50 55 55 65 60
505 71 1 1 2 1 0 72 55 65 60 60 55
505 72 1 1 2 1 0 73 50 45 40 60 60
505 73 1 1 2 1 0 74 55 65 45 60 60
505 74 1 1 2 1 0 75 45 40 45 55 60
505 75 1 1 2 1 0 76 55 60 45 55 60
505 77 1 1 2 1 0 77 60 60 65 60 30
505 78 1 1 2 1 0 78 50 45 55 60 55
505 79 1 1 2 1 0 79 55 25 40 50 55
505 80 1 1 2 1 0 80 50 35 55 60 60
506 00 1 0 0 1 0 00 60 70 70 75 65
506 02 1 2 1 1 0 01 40 35 30 40 55
506 04 1 2 1 1 0 02 65 70 70 75 40
506 09 1 2 1 1 0 03 65 60 40 70 40
506 11 1 2 1 1 0 04 60 65 35 60 30
506 22 1 2 1 1 0 05 70 70 40 65 65
506 39 1 2 1 1 0 06 45 45 40 45 65
506 40 1 2 1 1 0 07 35 40 30 65 30
506 46 1 2 1 1 0 08 35 65 35 65 35
506 13 1 2 1 1 0 09 75 65 65 60 40
506 76 1 2 1 1 0 10 75 65 70 65 30
506 43 1 2 1 1 0 11 45 60 65 65 70
506 54 1 2 1 1 0 12 35 55 35 45 65
506 01 1 2 1 1 0 13 65 65 45 60 50
506 07 1 2 1 1 0 14 65 50 65 60 40
506 14 1 2 1 1 0 15 60 65 40 65 40
506 30 1 2 1 1 0 16 65 60 35 70 75
506 37 1 2 1 1 0 17 65 65 70 35 70
506 50 1 2 1 1 0 18 70 60 30 70 40
506 52 1 2 1 1 0 19 55 55 60 70 65
506 65 1 2 1 1 0 20 60 55 60 70 40
506 70 1 2 1 1 0 21 40 70 40 45 50
506 38 1 2 1 1 0 22 40 60 35 55 50
506 42 1 2 1 1 0 23 65 40 70 65 40
506 03 1 2 1 1 0 24 40 60 35 55 30
506 05 1 2 1 1 0 25 40 60 35 55 30
506 06 1 2 1 1 0 26 40 55 25 25 25
506 08 1 2 1 1 0 27 70 40 70 65 40
506 10 1 2 1 1 0 28 30 65 30 55 20
506 12 1 2 1 1 0 29 70 65 65 70 65
506 15 1 2 1 1 0 30 40 55 30 60 30
506 16 1 2 1 1 0 31 30 65 30 35 45
506 17 1 2 1 1 0 32 65 60 65 55 50
506 18 1 2 1 1 0 33 70 35 80 65 75
506 19 1 2 1 1 0 34 40 65 55 60 55
506 20 1 2 1 1 0 35 60 40 50 60 65
506 21 1 2 1 1 0 36 45 65 35 60 40
506 23 1 2 1 1 0 37 60 35 35 55 35
506 24 1 2 1 1 0 38 40 55 35 30 65
506 25 1 2 1 1 0 39 65 70 70 60 65
506 26 1 2 1 1 0 40 55 35 40 55 65
506 27 1 2 1 1 0 41 40 65 30 40 65
506 28 1 2 1 1 0 42 70 60 75 50 50
506 29 1 2 1 1 0 43 60 70 65 45 40
506 31 1 2 1 1 0 44 60 40 65 35 65
506 32 1 2 1 1 0 45 40 30 30 60 30
506 33 1 2 1 1 0 46 50 60 40 65 45
506 34 1 2 1 1 0 47 45 60 30 55 40
506 35 1 2 1 1 0 48 40 65 50 40 65
506 36 1 2 1 1 0 49 65 55 60 40 50
506 41 1 2 1 1 0 50 45 65 40 60 65
506 44 1 2 1 1 0 51 60 60 40 40 40
506 45 1 2 1 1 0 52 65 35 35 55 40
506 47 1 2 1 1 0 53 35 50 40 45 40
506 48 1 2 1 1 0 54 40 50 55 60 55
506 49 1 2 1 1 0 55 70 65 60 60 70
506 51 1 2 1 1 0 56 60 40 30 30 50
506 53 1 2 1 1 0 57 45 65 55 65 55
506 55 1 2 1 1 0 58 65 60 55 60 50
506 56 1 2 1 1 0 59 60 60 65 55 65
506 57 1 2 1 1 0 60 70 40 55 35 30
506 58 1 2 1 1 0 61 70 60 55 40 70
506 59 1 2 1 1 0 62 65 60 50 35 60
506 60 1 2 1 1 0 63 60 70 40 30 40
506 61 1 2 1 1 0 64 40 65 30 55 60
506 62 1 2 1 1 0 65 60 65 35 60 70
506 63 1 2 1 1 0 66 66 40 55 65 75
506 64 1 2 1 1 0 67 40 60 30 40 65
506 66 1 2 1 1 0 68 70 65 60 40 65
506 67 1 2 1 1 0 69 70 35 65 40 70
506 68 1 2 1 1 0 70 75 60 75 70 70
506 69 1 2 1 1 0 71 60 35 30 45 70
506 71 1 2 1 1 0 72 40 65 65 70 60
506 72 1 2 1 1 0 73 60 55 40 55 40
506 73 1 2 1 1 0 74 40 50 60 65 50
506 74 1 2 1 1 0 75 70 65 60 65 70
506 75 1 2 1 1 0 76 70 50 40 60 35
506 77 1 2 1 1 0 77 55 60 55 50 65
506 78 1 2 1 1 0 78 40 40 50 55 65
506 79 1 2 1 1 0 79 40 40 55 55 50
506 80 1 2 1 1 0 80 25 60 40 35 65
506 00 1 0 0 1 0 00 60 60 40 55 35
506 02 1 2 2 1 0 01 40 35 30 45 65
506 04 1 2 2 1 0 02 30 40 35 55 65
506 09 1 2 2 1 0 03 60 60 40 55 40
506 11 1 2 2 1 0 04 35 45 30 45 60
506 22 1 2 2 1 0 05 55 40 60 50 70
506 39 1 2 2 1 0 06 60 65 55 55 40
506 40 1 2 2 1 0 07 45 65 55 60 55
506 46 1 2 2 1 0 08 35 40 45 50 50
506 13 1 2 2 1 0 09 40 60 55 40 40
506 76 1 2 2 1 0 10 65 65 60 50 55
506 43 1 2 2 1 0 11 60 45 60 55 65
506 54 1 2 2 1 0 12 40 40 45 50 40
506 01 1 2 2 1 0 13 40 55 45 45 45
506 07 1 2 2 1 0 14 55 60 40 45 35
506 14 1 2 2 1 0 15 40 55 40 45 45
506 30 1 2 2 1 0 16 60 60 55 45 55
506 37 1 2 2 1 0 17 45 45 55 40 50
506 50 1 2 2 1 0 18 40 45 35 35 60
506 52 1 2 2 1 0 19 60 45 45 60 60
506 65 1 2 2 1 0 20 60 55 50 60 45
506 70 1 2 2 1 0 21 60 40 40 40 45
506 38 1 2 2 1 0 22 45 60 40 35 60
506 42 1 2 2 1 0 23 40 35 45 40 60
506 03 1 2 2 1 0 24 35 55 40 60 45
506 05 1 2 2 1 0 25 40 55 45 40 45
506 06 1 2 2 1 0 26 45 55 55 60 45
506 08 1 2 2 1 0 27 60 45 60 65 60
506 10 1 2 2 1 0 28 60 65 40 45 45
506 12 1 2 2 1 0 29 45 55 45 45 60
506 15 1 2 2 1 0 30 40 55 35 30 35
506 16 1 2 2 1 0 31 55 60 40 65 45
506 17 1 2 2 1 0 32 35 35 35 30 55
506 18 1 2 2 1 0 33 60 55 60 45 60
506 19 1 2 2 1 0 34 35 40 35 55 35
506 20 1 2 2 1 0 35 35 60 35 60 35
506 21 1 2 2 1 0 36 35 45 35 55 65
506 23 1 2 2 1 0 37 35 35 45 55 60
506 24 1 2 2 1 0 38 60 40 65 55 60
506 25 1 2 2 1 0 39 45 40 50 60 60
506 26 1 2 2 1 0 40 40 50 60 55 35
506 27 1 2 2 1 0 41 40 60 30 35 35
506 28 1 2 2 1 0 42 60 40 55 60 70
506 29 1 2 2 1 0 43 40 45 40 60 65
506 31 1 2 2 1 0 44 55 60 60 65 40
506 32 1 2 2 1 0 45 40 60 45 55 50
506 33 1 2 2 1 0 46 30 40 35 30 35
506 34 1 2 2 1 0 47 40 60 35 65 60
506 35 1 2 2 1 0 48 45 40 60 55 50
506 36 1 2 2 1 0 49 55 60 55 45 55
506 41 1 2 2 1 0 50 40 45 55 55 55
506 44 1 2 2 1 0 51 55 55 55 60 55
506 45 1 2 2 1 0 52 55 60 40 55 35
506 47 1 2 2 1 0 53 60 55 55 40 60
506 48 1 2 2 1 0 54 55 60 55 40 35
506 49 1 2 2 1 0 55 60 55 35 40 30
506 51 1 2 2 1 0 56 35 40 30 40 60
506 53 1 2 2 1 0 57 55 60 40 40 55
506 55 1 2 2 1 0 58 35 40 45 60 45
506 56 1 2 2 1 0 59 45 40 60 60 65
506 57 1 2 2 1 0 60 60 55 55 60 40
506 58 1 2 2 1 0 61 55 40 55 40 60
506 59 1 2 2 1 0 62 40 45 40 35 55
506 60 1 2 2 1 0 63 45 60 35 55 40
506 61 1 2 2 1 0 64 60 55 60 45 65
506 62 1 2 2 1 0 65 40 60 55 40 65
506 63 1 2 2 1 0 66 40 45 55 35 60
506 64 1 2 2 1 0 67 60 40 55 40 50
506 66 1 2 2 1 0 68 40 60 35 65 55
506 67 1 2 2 1 0 69 35 30 35 40 65
506 68 1 2 2 1 0 70 55 40 55 35 60
506 69 1 2 2 1 0 71 60 40 65 60 65
506 71 1 2 2 1 0 72 65 60 60 65 35
506 72 1 2 2 1 0 73 60 55 65 45 60
506 73 1 2 2 1 0 74 65 55 60 40 60
506 74 1 2 2 1 0 75 40 55 55 60 35
506 75 1 2 2 1 0 76 40 60 55 60 60
506 77 1 2 2 1 0 77 40 40 35 35 60
506 78 1 2 2 1 0 78 45 40 55 40 65
506 79 1 2 2 1 0 79 65 60 60 60 40
506 80 1 2 2 1 0 80 30 55 30 30 60
507 00 0 0 0 1 0 00 75 65 55 45 35
507 02 0 1 1 1 0 01 35 55 45
507 04 0 1 1 1 0 02
507 09 0 1 1 1 0 03 65 35 60 45 45
507 11 0 1 1 1 0 04 45 35 35 45 40
507 22 0 1 1 1 0 05 45 55 55 35 35
507 39 0 1 1 1 0 06 35 45 35 35 35
507 40 0 1 1 1 0 07 35    55 35 35
507 46 0 1 1 1 0 08 55 55 40 35 35
507 13 0 1 1 1 0 09 65 55 60
507 76 0 1 1 1 0 10 80 65 65 55 40
507 43 0 1 1 1 0 11 60 55 45 35 30
507 54 0 1 1 1 0 12 35 45 30 30 30
507 01 0 1 1 1 0 13
507 07 0 1 1 1 0 14 75 60 65 60 35
507 14 0 1 1 1 0 15
507 30 0 1 1 1 0 16 50 45 50 35 35
507 37 0 1 1 1 0 17 65 65 67 55 55
507 50 0 1 1 1 0 18 60 60 65 55 50
507 52 0 1 1 1 0 19 60 60 60 45 45
507 65 0 1 1 1 0 20 45 40 45 35 40
507 70 0 1 1 1 0 21 55 55 65 45 45
507 38 0 1 1 1 0 22 45 40 45 40 35
507 42 0 1 1 1 0 23 55 35 40 30 30
507 03 0 1 1 1 0 24 36 32 40 35 35
507 05 0 1 1 1 0 25 55 55 45 45 40
507 06 0 1 1 1 0 26 75 65 62 50 47
507 08 0 1 1 1 0 27 69 50 41 41 38
507 10 0 1 1 1 0 28 55 50 40 41 40
507 12 0 1 1 1 0 29 70 65 55 50 45
507 15 0 1 1 1 0 30 60 50 45 39 38
507 16 0 1 1 1 0 31
507 17 0 1 1 1 0 32 55 46 35 45 50
507 18 0 1 1 1 0 33 45 40 35 36 32
507 19 0 1 1 1 0 34 62 55 60 45 40
507 20 0 1 1 1 0 35 55 50 45 35 40
507 21 0 1 1 1 0 36 41 39 41 39 40
507 23 0 1 1 1 0 37 41 39 35 40 36
507 24 0 1 1 1 0 38 71 61 61 55 49
507 25 0 1 1 1 0 39 71 60 65 55 51
507 26 0 1 1 1 0 40 46 65 55 50 50
507 27 0 1 1 1 0 41 45 51 50 45 45
507 28 0 1 1 1 0 42 55 59 65 50 55
507 29 0 1 1 1 0 43 65 55 45 45 35
507 31 0 1 1 1 0 44 45 45 45 45 35
507 32 0 1 1 1 0 45 65 57 60 50 50
507 33 0 1 1 1 0 46 57 55 55 50 50
507 34 0 1 1 1 0 47 65 55 65 50 45
507 35 0 1 1 1 0 48 70 60 65 55 50
507 36 0 1 1 1 0 49 42 45 45 50 32
507 41 0 1 1 1 0 50 50 50 45 36 50
507 44 0 1 1 1 0 51 65 59 55 59 55
507 45 0 1 1 1 0 52 65 55 60 50 55
507 47 0 1 1 1 0 53 55 45 55 55 55
507 48 0 1 1 1 0 54 60 55 60 50 50
507 49 0 1 1 1 0 55 55 45 50 65 45
507 51 0 1 1 1 0 56 45 50 60 45 40
507 53 0 1 1 1 0 57 50 50 50 50 55
507 55 0 1 1 1 0 58 45 40 45 45 35
507 56 0 1 1 1 0 59 65 55 70 65 50
507 57 0 1 1 1 0 60 55 55 60 60 55
507 58 0 1 1 1 0 61 60 55 55 60 50
507 59 0 1 1 1 0 62 41 45 56 50 50
507 60 0 1 1 1 0 63 56 56 56 50 45
507 61 0 1 1 1 0 64 70 60 55 56 55
507 62 0 1 1 1 0 65 65 65 75 65 55
507 63 0 1 1 1 0 66 50 50 65 50 45
507 64 0 1 1 1 0 67 70 70 55 60 45
507 66 0 1 1 1 0 68 56 55 55 60 50
507 67 0 1 1 1 0 69 65 50 60 50 50
507 68 0 1 1 1 0 70 50 50 55 60 55
507 69 0 1 1 1 0 71 65 55 60 60 50
507 71 0 1 1 1 0 72 46 50 56 50 50
507 72 0 1 1 1 0 73 60 56 70 60 55
507 73 0 1 1 1 0 74 45 46 30 45 35
507 74 0 1 1 1 0 75 65 55 55 51 60
507 75 0 1 1 1 0 76 47 45 37 40 41
507 77 0 1 1 1 0 77 65 55 60 60 55
507 78 0 1 1 1 0 78 75 52 55 55 50
507 79 0 1 1 1 0 79 45 45 45 50 50
507 80 0 1 1 1 0 80 81 55 55 50 40
507 00 0 0 0 1 0 00 70 70 65 50 55
507 02 0 1 2 1 0 01 55 45 50 45 52
507 04 0 1 2 1 0 02 55 45 50 50 45
507 09 0 1 2 1 0 03 50 50 55 50 50
507 11 0 1 2 1 0 04 40 38 30 50 50
507 22 0 1 2 1 0 05 50 60 50
507 39 0 1 2 1 0 06 57 42 50 45 40
507 40 0 1 2 1 0 07 55 45 55 45 40
507 46 0 1 2 1 0 08 50 60 45 45 45
507 13 0 1 2 1 0 09
507 76 0 1 2 1 0 10 70 60 65 52 45
507 43 0 1 2 1 0 11 60 45 57 57 50
507 54 0 1 2 1 0 12 62 52 45 45 40
507 01 0 1 2 1 0 13 55 45 52 51 50
507 07 0 1 2 1 0 14 45 50 45 50 50
507 14 0 1 2 1 0 15 45 45 45 47 45
507 30 0 1 2 1 0 16 70 62 65 50 50
507 37 0 1 2 1 0 17 65 50 55 52 50
507 50 0 1 2 1 0 18 45 37 40 45 45
507 52 0 1 2 1 0 19 70 65 65 55 50
507 65 0 1 2 1 0 20 60 55 55 50 50
507 70 0 1 2 1 0 21 50 45 57 45 50
507 38 0 1 2 1 0 22 68 62 55 50 50
507 42 0 1 2 1 0 23 55 40 50 52 52
507 03 0 1 2 1 0 24 35 45 37 50 47
507 05 0 1 2 1 0 25 55 50 62 55 55
507 06 0 1 2 1 0 26 70 57 75 60 50
507 08 0 1 2 1 0 27 65 55 62 50 50
507 10 0 1 2 1 0 28 40 45 60 50 50
507 12 0 1 2 1 0 29 67 55 70 55 55
507 15 0 1 2 1 0 30 50 40 35 35 40
507 16 0 1 2 1 0 31 52 52 65 65 60
507 17 0 1 2 1 0 32 42 42 50 47 50
507 18 0 1 2 1 0 33 65 50 65 45 50
507 19 0 1 2 1 0 34 50 40 60 50 40
507 20 0 1 2 1 0 35 45 40 40 45 40
507 21 0 1 2 1 0 36 55 50 55 50 45
507 23 0 1 2 1 0 37
507 24 0 1 2 1 0 38 60 57 60 50 55
507 25 0 1 2 1 0 39 60 55 60 50 55
507 26 0 1 2 1 0 40 60 65 65 55 50
507 27 0 1 2 1 0 41 45 50 47 40 35
507 28 0 1 2 1 0 42 65 70 75 55 60
507 29 0 1 2 1 0 43 50 45 50 40 45
507 31 0 1 2 1 0 44 35 55 62 40 45
507 32 0 1 2 1 0 45
507 33 0 1 2 1 0 46 50 42 35 45 35
507 34 0 1 2 1 0 47 35 50 45 52 60
507 35 0 1 2 1 0 48 75 65 60 50 50
507 36 0 1 2 1 0 49 65 67 50 60 50
507 41 0 1 2 1 0 50 50 35 40 35 35
507 44 0 1 2 1 0 51 60 50 60 50 50
507 45 0 1 2 1 0 52
507 47 0 1 2 1 0 53
507 48 0 1 2 1 0 54 60 52 60 55 50
507 49 0 1 2 1 0 55 52 50 40 45 40
507 51 0 1 2 1 0 56 65 40 55 70 55
507 53 0 1 2 1 0 57 55 70 60 55 57
507 55 0 1 2 1 0 58 55 45 47 50 37
507 56 0 1 2 1 0 59 50 50 47 45 40
507 57 0 1 2 1 0 60 57 45 50 65 50
507 58 0 1 2 1 0 61 50 40 35 45 40
507 59 0 1 2 1 0 62 60 47 50 35 35
507 60 0 1 2 1 0 63 45 45 50 50 45
507 61 0 1 2 1 0 64 50 60 50 50 50
507 62 0 1 2 1 0 65 70 65 70 55 65
507 63 0 1 2 1 0 66 45 45 40 50 35
507 64 0 1 2 1 0 67 60 47 40 50 35
507 66 0 1 2 1 0 68 40 35 40 45 45
507 67 0 1 2 1 0 69 50 55 45 60 50
507 68 0 1 2 1 0 70 45 50 32 47 45
507 69 0 1 2 1 0 71
507 71 0 1 2 1 0 72 55 45 52 45 45
507 72 0 1 2 1 0 73 55 60 55 60 45
507 73 0 1 2 1 0 74 45 40 50 40 45
507 74 0 1 2 1 0 75 50 50 55 60 65
507 75 0 1 2 1 0 76 60 60 55 45 50
507 77 0 1 2 1 0 77 50 55 55 37 45
507 78 0 1 2 1 0 78 55 45 55 40 40
507 79 0 1 2 1 0 79 45 65 62 47 50
507 80 0 1 2 1 0 80 50 52 40 37 45
508 00 1 0 0 1 0 00 85 87 66 82 55
508 02 1 2 1 1 0 01 60 75 55 60 70
508 04 1 2 1 1 0 02 70 75 80 70 50
508 09 1 2 1 1 0 03 70 75 65 70 50
508 11 1 2 1 1 0 04 75 70 75 65 55
508 22 1 2 1 1 0 05 60 70 75 59 59
508 39 1 2 1 1 0 06 75 75 60 70 50
508 40 1 2 1 1 0 07 60 70 75 60 65
508 46 1 2 1 1 0 08 65 70 60 70 45
508 13 1 2 1 1 0 09 75 75 60 70 55
508 76 1 2 1 1 0 10 80 70 70 60 70
508 43 1 2 1 1 0 11 65 70 75 60 70
508 54 1 2 1 1 0 12 69 70 50 60 60
508 01 1 2 1 1 0 13 59 70 70 60 75
508 07 1 2 1 1 0 14 69 70 60 60 70
508 14 1 2 1 1 0 15 69 75 60 60 45
508 30 1 2 1 1 0 16 60 70 76 60 70
508 37 1 2 1 1 0 17 64 65 76 69 65
508 50 1 2 1 1 0 18 65 70 75 60 50
508 52 1 2 1 1 0 19 65 65 70 55 60
508 65 1 2 1 1 0 20 59 66 76 65 50
508 70 1 2 1 1 0 21 64 70 50 55 40
508 38 1 2 1 1 0 22 55 60 45 50 60
508 42 1 2 1 1 0 23 60 70 80 65 75
508 03 1 2 1 1 0 24 65 75 55 70 55
508 05 1 2 1 1 0 25 75 70 65 60 50
508 06 1 2 1 1 0 26 70 70 80 65 75
508 08 1 2 1 1 0 27 75 70 80 69 75
508 10 1 2 1 1 0 28 58 65 50 45 65
508 12 1 2 1 1 0 29 60 65 75 55 60
508 15 1 2 1 1 0 30 70 70 60 71 45
508 16 1 2 1 1 0 31 60 65 75 54 70
508 17 1 2 1 1 0 32 60 70 60 50 60
508 18 1 2 1 1 0 33 60 70 80 59 70
508 19 1 2 1 1 0 34 60 70 65 50 71
508 20 1 2 1 1 0 35 65 76 74 60 70
508 21 1 2 1 1 0 36 65 65 71 50 74
508 23 1 2 1 1 0 37 65 71 55 50 60
508 24 1 2 1 1 0 38 60 70 45 55 66
508 25 1 2 1 1 0 39 65 70 80 60 50
508 26 1 2 1 1 0 40 60 70 70 56 70
508 27 1 2 1 1 0 41 69 69 54 70 55
508 28 1 2 1 1 0 42 70 75 65 55 70
508 29 1 2 1 1 0 43 60 70 80 55 70
508 31 1 2 1 1 0 44 55 55 65 50 70
508 32 1 2 1 1 0 45 65 70 55 75 55
508 33 1 2 1 1 0 46 60 60 45 60 45
508 34 1 2 1 1 0 47 70 80 70 60 75
508 35 1 2 1 1 0 48 55 60 70 55 65
508 36 1 2 1 1 0 49 60 71 75 65 75
508 41 1 2 1 1 0 50 70 60 60 70 51
508 44 1 2 1 1 0 51 60 65 70 64 55
508 45 1 2 1 1 0 52 70 75 60 55 50
508 47 1 2 1 1 0 53 60 60 70 55 80
508 48 1 2 1 1 0 54 55 60 55 55 65
508 49 1 2 1 1 0 55 60 60 65 60 50
508 51 1 2 1 1 0 56 70 70 76 70 55
508 53 1 2 1 1 0 57 55 65 70 49 70
508 55 1 2 1 1 0 58 70 80 70 55 60
508 56 1 2 1 1 0 59 60 70 75 60 45
508 57 1 2 1 1 0 60 69 70 75 60 70
508 58 1 2 1 1 0 61 60 65 70 55 50
508 59 1 2 1 1 0 62 60 65 55 54 66
508 60 1 2 1 1 0 63 60 65 70 60 45
508 61 1 2 1 1 0 64 49 60 65 60 65
508 62 1 2 1 1 0 65 55 60 70 59 70
508 63 1 2 1 1 0 66 65 70 70 60 70
508 64 1 2 1 1 0 67 60 60 70 58 75
508 66 1 2 1 1 0 68 55 56 65 54 60
508 67 1 2 1 1 0 69 60 65 55 55 49
508 68 1 2 1 1 0 70 75 76 81 70 55
508 69 1 2 1 1 0 71 70 70 75 65 52
508 71 1 2 1 1 0 72 60 70 75 65 55
508 72 1 2 1 1 0 73 60 61 70 59 44
508 73 1 2 1 1 0 74 55 60 70 60 66
508 74 1 2 1 1 0 75 55 55 45 61 50
508 75 1 2 1 1 0 76 70 70 70 65 50
508 77 1 2 1 1 0 77 80 75 75 65 70
508 78 1 2 1 1 0 78 70 76 75 70 60
508 79 1 2 1 1 0 79 70 70 65 75 65
508 80 1 2 1 1 0 80 65 65 55 65 71
508 00 1 0 0 1 0 00 80 85 65 75 50
508 02 1 2 2 1 0 01 75 75 70 65 75
508 04 1 2 2 1 0 02 70 70 60 60 55
508 09 1 2 2 1 0 03 70 75 65 56 55
508 11 1 2 2 1 0 04 75 65 65 60 40
508 22 1 2 2 1 0 05 65 65 70 75 60
508 39 1 2 2 1 0 06 70 64 70 80 75
508 40 1 2 2 1 0 07 65 57 70 75 75
508 46 1 2 2 1 0 08 60 60 65 60 50
508 13 1 2 2 1 0 09 65 70 54 64 50
508 76 1 2 2 1 0 10 60 66 65 70 65
508 43 1 2 2 1 0 11 65 65 75 70 75
508 54 1 2 2 1 0 12 65 59 59 70 60
508 01 1 2 2 1 0 13 64 59 65 50 70
508 07 1 2 2 1 0 14 64 65 71 65 70
508 14 1 2 2 1 0 15 60 65 60 50 60
508 30 1 2 2 1 0 16 65 65 71 55 70
508 37 1 2 2 1 0 17 60 60 50 50 70
508 50 1 2 2 1 0 18 55 60 45 60 60
508 52 1 2 2 1 0 19 55 55 61 74 76
508 65 1 2 2 1 0 20 54 55 60 45 68
508 70 1 2 2 1 0 21 55 66 75 75 60
508 38 1 2 2 1 0 22 60 60 55 51 60
508 42 1 2 2 1 0 23 55 60 65 51 70
508 03 1 2 2 1 0 24 54 60 45 46 35
508 05 1 2 2 1 0 25 54 56 65 50 70
508 06 1 2 2 1 0 26 65 65 70 60 60
508 08 1 2 2 1 0 27 60 65 70 60 65
508 10 1 2 2 1 0 28 60 60 70 50 49
508 12 1 2 2 1 0 29 50 56 69 69 55
508 15 1 2 2 1 0 30 50 65 55 65 45
508 16 1 2 2 1 0 31 50 50 50 60 60
508 17 1 2 2 1 0 32 55 60 70 75 45
508 18 1 2 2 1 0 33 60 66 45 69 61
508 19 1 2 2 1 0 34 60 60 54 46 60
508 20 1 2 2 1 0 35 55 65 45 60 60
508 21 1 2 2 1 0 36 70 70 48 60 70
508 23 1 2 2 1 0 37 55 61 50 70 44
508 24 1 2 2 1 0 38 70 70 76 60 60
508 25 1 2 2 1 0 39 55 65 46 70 54
508 26 1 2 2 1 0 40 60 60 69 50 70
508 27 1 2 2 1 0 41 60 71 65 75 55
508 28 1 2 2 1 0 42 65 65 75 70 80
508 29 1 2 2 1 0 43 55 55 60 65 70
508 31 1 2 2 1 0 44 65 65 50 45 60
508 32 1 2 2 1 0 45 60 65 52 62 69
508 33 1 2 2 1 0 46 54 54 45 56 69
508 34 1 2 2 1 0 47 59 65 71 79 60
508 35 1 2 2 1 0 48 45 50 55 56 54
508 36 1 2 2 1 0 49 55 65 75 75 75
508 41 1 2 2 1 0 50 58 66 60 60 54
508 44 1 2 2 1 0 51 60 65 60 65 50
508 45 1 2 2 1 0 52 60 60 60 55 45
508 47 1 2 2 1 0 53 55 54 46 59 45
508 48 1 2 2 1 0 54 54 54 45 45 60
508 49 1 2 2 1 0 55 55 55 60 70 46
508 51 1 2 2 1 0 56 55 61 50 60 60
508 53 1 2 2 1 0 57 65 65 70 70 61
508 55 1 2 2 1 0 58 49 61 46 52 60
508 56 1 2 2 1 0 59 55 66 70 75 70
508 57 1 2 2 1 0 60 61 70 75 66 76
508 58 1 2 2 1 0 61 56 65 75 75 50
508 59 1 2 2 1 0 62 44 54 44 55 55
508 60 1 2 2 1 0 63 60 60 50 62 60
508 61 1 2 2 1 0 64 60 58 65 55 65
508 62 1 2 2 1 0 65 70 70 62 60 55
508 63 1 2 2 1 0 66 45 51 65 65 75
508 64 1 2 2 1 0 67 58 68 45 60 70
508 66 1 2 2 1 0 68 54 53 60 60 40
508 67 1 2 2 1 0 69 45 50 44 60 60
508 68 1 2 2 1 0 70 60 68 70 62 54
508 69 1 2 2 1 0 71 50 50 40 50 60
508 71 1 2 2 1 0 72 60 60 65 60 69
508 72 1 2 2 1 0 73 60 65 75 70 60
508 73 1 2 2 1 0 74 60 60 65 50 50
508 74 1 2 2 1 0 75 45 60 60 50 60
508 75 1 2 2 1 0 76 60 60 65 65 45
508 77 1 2 2 1 0 77 65 64 70 60 45
508 78 1 2 2 1 0 78 55 70 70 60 50
508 79 1 2 2 1 0 79 60 70 70 70 60
508 80 1 2 2 1 0 80 55 61 70 60 70
509 00 1 0 0 1 0 00 65 96 20 92 35
509 02 1 1 1 1 0 01 40 60 50 75 30
509 04 1 1 1 1 0 02       45
509 09 1 1 1 1 0 03    40 70 80 25
509 11 1 1 1 1 0 04 50 80 30 65 40
509 22 1 1 1 1 0 05 65 40 75 60 20
509 39 1 1 1 1 0 06 70 50 40 65 30
509 40 1 1 1 1 0 07 40 35 55 65 30
509 46 1 1 1 1 0 08 30 60 45 60 70
509 13 1 1 1 1 0 09 60 55 75 75 20
509 76 1 1 1 1 0 10 25 60 20 70 60
509 43 1 1 1 1 0 11 50 40 65 80 40
509 54 1 1 1 1 0 12 70 50 60 70 35
509 01 1 1 1 1 0 13 50 60 75 55 20
509 07 1 1 1 1 0 14 45 45 50 75 25
509 14 1 1 1 1 0 15 40 60 45 80 30
509 30 1 1 1 1 0 16 25 40 80 65 45
509 37 1 1 1 1 0 17 70 40 70 85 30
509 50 1 1 1 1 0 18 60 50 85 85 55
509 52 1 1 1 1 0 19 50 30 75 75 40
509 65 1 1 1 1 0 20 15 70 20 65 25
509 70 1 1 1 1 0 21
509 38 1 1 1 1 0 22 50 50 50 60 20
509 42 1 1 1 1 0 23    50 60 40 20
509 03 1 1 1 1 0 24 40 70 30 55 25
509 05 1 1 1 1 0 25 50 70 55 80 40
509 06 1 1 1 1 0 26 60 55 75 85 35
509 08 1 1 1 1 0 27 60 70 60 85 30
509 10 1 1 1 1 0 28 50 75 55 80 20
509 12 1 1 1 1 0 29 40 60 85 85 65
509 15 1 1 1 1 0 30 20 80 25 70 60
509 16 1 1 1 1 0 31 85 50 65 80 60
509 17 1 1 1 1 0 32 70 80 15 65 60
509 18 1 1 1 1 0 33 20 60 40 70 50
509 19 1 1 1 1 0 34 70 85 70 85 35
509 20 1 1 1 1 0 35 25 70 40 60 50
509 21 1 1 1 1 0 36 20 70 45 75 70
509 23 1 1 1 1 0 37 85 60 35 40 75
509 24 1 1 1 1 0 38 30 70 60 50 45
509 25 1 1 1 1 0 39 20 70 60 80 40
509 26 1 1 1 1 0 40 50 70 35 65 35
509 27 1 1 1 1 0 41 20 70 30 50 60
509 28 1 1 1 1 0 42 30 45 85 80 30
509 29 1 1 1 1 0 43 60 65 40 40 30
509 31 1 1 1 1 0 44 50 35 80 75 20
509 32 1 1 1 1 0 45 80 60 40 70 75
509 33 1 1 1 1 0 46 35 70 30 65 60
509 34 1 1 1 1 0 47 40 85 70 60 50
509 35 1 1 1 1 0 48 60 90 45 75 70
509 36 1 1 1 1 0 49 55 50 60 45 50
509 41 1 1 1 1 0 50    65 40 65 50
509 44 1 1 1 1 0 51 20 75 75 85 45
509 45 1 1 1 1 0 52 35 80 60 60 60
509 47 1 1 1 1 0 53 55 80 65 60 70
509 48 1 1 1 1 0 54
509 49 1 1 1 1 0 55 75 80 50 60 40
509 51 1 1 1 1 0 56 70 80 40 70 60
509 53 1 1 1 1 0 57 30 65 60 50 60
509 55 1 1 1 1 0 58 15 50 40 70 60
509 56 1 1 1 1 0 59 60 40 85 85 20
509 57 1 1 1 1 0 60 80 85 85 90 45
509 58 1 1 1 1 0 61 40 85 30 60 70
509 59 1 1 1 1 0 62 30 75 35 70 50
509 60 1 1 1 1 0 63 70 65 75 80 20
509 61 1 1 1 1 0 64 65 70 60 85 20
509 62 1 1 1 1 0 65    30    55 20
509 63 1 1 1 1 0 66 15 75 50 70 20
509 64 1 1 1 1 0 67 30 50 75 70 30
509 66 1 1 1 1 0 68 30 65 50 60 15
509 67 1 1 1 1 0 69 75 85 40 80 15
509 68 1 1 1 1 0 70 30 75 40 40 15
509 69 1 1 1 1 0 71 20 65 60 80 20
509 71 1 1 1 1 0 72 60 70 80 90 25
509 72 1 1 1 1 0 73 20 65 60 60 20
509 73 1 1 1 1 0 74 20 80 40 50 60
509 74 1 1 1 1 0 75 35 75 55 85 40
509 75 1 1 1 1 0 76 20 75 75 85 40
509 77 1 1 1 1 0 77       75 85
509 78 1 1 1 1 0 78 30 70 90 80 20
509 79 1 1 1 1 0 79 40 65 20 60 40
509 80 1 1 1 1 0 80 25 60 75 75 40
509 00 1 0 0 1 0 00 65 96 20 93 35
509 02 1 1 2 1 0 01 30 85 35 70 20
509 04 1 1 2 1 0 02 75 60 75 90 25
509 09 1 1 2 1 0 03 20 45 85 60 20
509 11 1 1 2 1 0 04 20 80 20 60 45
509 22 1 1 2 1 0 05 20 60 65 75 45
509 39 1 1 2 1 0 06 75 70 80 85 15
509 40 1 1 2 1 0 07 40 60 55 65 45
509 46 1 1 2 1 0 08 50 75 30 70 40
509 13 1 1 2 1 0 09 30 90 70 80 35
509 76 1 1 2 1 0 10 45 70 45 75 50
509 43 1 1 2 1 0 11 30 65 65 80 60
509 54 1 1 2 1 0 12 75 60 70 60 30
509 01 1 1 2 1 0 13 30 60 50 50 30
509 07 1 1 2 1 0 14 25 55 70 85 15
509 14 1 1 2 1 0 15 20 90 25 75 40
509 30 1 1 2 1 0 16 40 65 85 85 40
509 37 1 1 2 1 0 17 70 55 55 75 60
509 50 1 1 2 1 0 18 40 65 50 75 40
509 52 1 1 2 1 0 19 75 60 75 70 70
509 65 1 1 2 1 0 20 30 85 55 80 35
509 70 1 1 2 1 0 21
509 38 1 1 2 1 0 22 80 50    70 20
509 42 1 1 2 1 0 23 45 80 55 75 30
509 03 1 1 2 1 0 24 40 80 30 60 50
509 05 1 1 2 1 0 25 65 75 75 90 25
509 06 1 1 2 1 0 26 55 70 80 70 40
509 08 1 1 2 1 0 27 85 85 65 85 35
509 10 1 1 2 1 0 28 20 85 30 75 15
509 12 1 1 2 1 0 29 90 50 60 80 20
509 15 1 1 2 1 0 30 25 80 30 60 50
509 16 1 1 2 1 0 31 90 80 85 90 40
509 17 1 1 2 1 0 32 60 85 15 75 45
509 18 1 1 2 1 0 33 60 70 55 60 15
509 19 1 1 2 1 0 34 65 90 70 65 45
509 20 1 1 2 1 0 35 70 80 30 65 50
509 21 1 1 2 1 0 36 20 85 60 60 40
509 23 1 1 2 1 0 37 80 70 50 55 30
509 24 1 1 2 1 0 38 20 85 75 55 20
509 25 1 1 2 1 0 39 30 75 35 80 25
509 26 1 1 2 1 0 40 15 80 20 70 25
509 27 1 1 2 1 0 41 15 75 30 60 55
509 28 1 1 2 1 0 42 35 70 80 60 40
509 29 1 1 2 1 0 43 55 75 15 55 25
509 31 1 1 2 1 0 44 45 80 65 85 40
509 32 1 1 2 1 0 45 60 75 40 65 60
509 33 1 1 2 1 0 46 35 80 20 55 55
509 34 1 1 2 1 0 47 60 75 60 65 45
509 35 1 1 2 1 0 48 65 80 60 65 40
509 36 1 1 2 1 0 49       60 55 50
509 41 1 1 2 1 0 50 60 75 50 70 15
509 44 1 1 2 1 0 51 20 75 70 85 15
509 45 1 1 2 1 0 52 35 65 80 85 30
509 47 1 1 2 1 0 53 70 80 50 70 40
509 48 1 1 2 1 0 54
509 49 1 1 2 1 0 55 80 65 70 60 45
509 51 1 1 2 1 0 56 20 80 55 85 40
509 53 1 1 2 1 0 57 40 75 45 50 20
509 55 1 1 2 1 0 58 15 85 40 70 40
509 56 1 1 2 1 0 59 70 30 65 70 15
509 57 1 1 2 1 0 60 70 65 80 85 15
509 58 1 1 2 1 0 61 20 90 25 55 65
509 59 1 1 2 1 0 62 55 60 45 70 20
509 60 1 1 2 1 0 63 15 60 80 65 35
509 61 1 1 2 1 0 64 35 85 60 70 50
509 62 1 1 2 1 0 65 50 60 85 75 15
509 63 1 1 2 1 0 66 20 80 60 80 20
509 64 1 1 2 1 0 67 60 60 50 75 20
509 66 1 1 2 1 0 68 60 70 55 55 15
509 67 1 1 2 1 0 69 80 85 50 80 20
509 68 1 1 2 1 0 70 20 75 30 75 40
509 69 1 1 2 1 0 71 50 75 40 65 15
509 71 1 1 2 1 0 72 30 75 85 60 15
509 72 1 1 2 1 0 73 60 70 60 75 55
509 73 1 1 2 1 0 74 40 90 20 75 20
509 74 1 1 2 1 0 75 70 60 50 65 40
509 75 1 1 2 1 0 76 30 65 25 55 15
509 77 1 1 2 1 0 77 45 65 85 80 30
509 78 1 1 2 1 0 78 60 65 30 40 45
509 79 1 1 2 1 0 79 40 85 15 65 40
509 80 1 1 2 1 0 80 75 70 60 40 30
511 00 1 0 0 1 0 00 80 85 60 80 40
511 02 1 1 1 1 0 01 80 85 50 55 55
511 04 1 1 1 1 0 02 55 55 70 75 70
511 09 1 1 1 1 0 03 50 50 70 50 70
511 11 1 1 1 1 0 04 60 60 50 60 65
511 22 1 1 1 1 0 05 70 65 70 70 50
511 39 1 1 1 1 0 06 60 80 60 60 55
511 40 1 1 1 1 0 07 65 45 50 60 55
511 46 1 1 1 1 0 08 50 60 45 60 60
511 13 1 1 1 1 0 09 60 60 60 60 55
511 76 1 1 1 1 0 10 50 55 55 50 60
511 43 1 1 1 1 0 11 60 60 50 75 45
511 54 1 1 1 1 0 12 55 50 45 50 50
511 01 1 1 1 1 0 13 55 55 65 60 50
511 07 1 1 1 1 0 14 65 55 65 45 70
511 14 1 1 1 1 0 15 60 65 55 60 45
511 30 1 1 1 1 0 16 70 65 70 65 50
511 37 1 1 1 1 0 17 50 50 45 50 45
511 50 1 1 1 1 0 18 55 50 55 55 55
511 52 1 1 1 1 0 19 70 50 70 65 50
511 65 1 1 1 1 0 20 60 50 55 65 55
511 70 1 1 1 1 0 21 70 65 55 55 40
511 38 1 1 1 1 0 22 70 70 60 80 45
511 42 1 1 1 1 0 23 55 50 40 55 40
511 03 1 1 1 1 0 24 50 40 50 45 45
511 05 1 1 1 1 0 25
511 06 1 1 1 1 0 26 60 75 60 60 50
511 08 1 1 1 1 0 27 70 60 60 65 40
511 10 1 1 1 1 0 28 60 55 55 55 45
511 12 1 1 1 1 0 29 65 60 70 65 65
511 15 1 1 1 1 0 30 55 55 60 60 55
511 16 1 1 1 1 0 31 55 50 55 60 70
511 17 1 1 1 1 0 32 50 50 45 55 45
511 18 1 1 1 1 0 33 45 55 50 50 60
511 19 1 1 1 1 0 34 65 60 60 55 45
511 20 1 1 1 1 0 35 50 50 40 55 40
511 21 1 1 1 1 0 36 50 50 45 55 45
511 23 1 1 1 1 0 37 45 50 45 55 60
511 24 1 1 1 1 0 38 70 65 70 65 55
511 25 1 1 1 1 0 39 65 60 55 65 50
511 26 1 1 1 1 0 40 65 65 65 70 50
511 27 1 1 1 1 0 41 65 60 55 50 45
511 28 1 1 1 1 0 42 70 65 60 70 65
511 29 1 1 1 1 0 43 55 50 50 60 40
511 31 1 1 1 1 0 44 65 55 55 55 65
511 32 1 1 1 1 0 45 65 60 70 65 55
511 33 1 1 1 1 0 46 65 60 60 65 55
511 34 1 1 1 1 0 47 65 60 65 65 50
511 35 1 1 1 1 0 48 60 55 60 60 65
511 36 1 1 1 1 0 49 55 55 55 60 50
511 41 1 1 1 1 0 50 50 55 53 50 60
511 44 1 1 1 1 0 51 60 60 50 55 55
511 45 1 1 1 1 0 52 55 55 55 65 65
511 47 1 1 1 1 0 53 55 50 55 65 60
511 48 1 1 1 1 0 54 60 65 65 65 65
511 49 1 1 1 1 0 55 55 55 50 65 60
511 51 1 1 1 1 0 56 60 60 55 60 70
511 53 1 1 1 1 0 57 65 60 60 65 65
511 55 1 1 1 1 0 58 50 55 55 60 70
511 56 1 1 1 1 0 59 60 60 60 55 50
511 57 1 1 1 1 0 60 65 60 65 70 50
511 58 1 1 1 1 0 61 60 55 50 50 50
511 59 1 1 1 1 0 62 55 50 50 45 60
511 60 1 1 1 1 0 63 70 60 70 60 45
511 61 1 1 1 1 0 64 65 55 60 55 55
511 62 1 1 1 1 0 65 65 60 60 65 55
511 63 1 1 1 1 0 66 55 55 50 55 45
511 64 1 1 1 1 0 67 60 55 60 60 50
511 66 1 1 1 1 0 68 60 55 55 55 60
511 67 1 1 1 1 0 69 55 55 45 50 65
511 68 1 1 1 1 0 70 50 45 45 50 60
511 69 1 1 1 1 0 71 55 50 45 45 55
511 71 1 1 1 1 0 72 65 55 60 60 55
511 72 1 1 1 1 0 73 60 55 55 50 50
511 73 1 1 1 1 0 74 45 45 45 45 55
511 74 1 1 1 1 0 75 60 55 60 60 50
511 75 1 1 1 1 0 76 55 50 50 50 55
511 77 1 1 1 1 0 77 65 55 55 55 60
511 78 1 1 1 1 0 78 65 60 65 60 45
511 79 1 1 1 1 0 79 60 55 50 50 50
511 80 1 1 1 1 0 80 55 50 55 50 65
511 00 1 0 0 1 0 00 65 70 65 70 45
511 02 1 1 2 1 0 01 55 50 50 50 45
511 04 1 1 2 1 0 02 60 55 55 55 45
511 09 1 1 2 1 0 03 70 55 70 65 55
511 11 1 1 2 1 0 04 60 55 50 50 45
511 22 1 1 2 1 0 05 65 50 65 65 50
511 39 1 1 2 1 0 06 60 55 60 55 55
511 40 1 1 2 1 0 07 60 50 55 55 50
511 46 1 1 2 1 0 08 55 50 50 50 55
511 13 1 1 2 1 0 09 60 50 50 50 60
511 76 1 1 2 1 0 10 65 55 57 57 50
511 43 1 1 2 1 0 11 55 50 53 52 55
511 54 1 1 2 1 0 12 55 50 50 50 45
511 01 1 1 2 1 0 13 55 50 55 50 45
511 07 1 1 2 1 0 14 70 55 70 55 65
511 14 1 1 2 1 0 15 55 50 52 50 45
511 30 1 1 2 1 0 16 60 55 60 60 55
511 37 1 1 2 1 0 17 50 50 55 52 50
511 50 1 1 2 1 0 18 60 50 50 50 60
511 52 1 1 2 1 0 19 65 60 60 60 45
511 65 1 1 2 1 0 20 55 45 50 50 50
511 70 1 1 2 1 0 21 57 50 53 53 50
511 38 1 1 2 1 0 22 57 50 50 50 55
511 42 1 1 2 1 0 23 57 50 55 55 50
511 03 1 1 2 1 0 24 50 50 45 52 50
511 05 1 1 2 1 0 25 60 55 55 57 48
511 06 1 1 2 1 0 26 60 55 60 60 45
511 08 1 1 2 1 0 27 67 55 65 65 48
511 10 1 1 2 1 0 28 50 45 47 45 50
511 12 1 1 2 1 0 29 65 55 63 55 46
511 15 1 1 2 1 0 30 50 50 50 50 55
511 16 1 1 2 1 0 31 62 55 60 65 50
511 17 1 1 2 1 0 32 45 50 40 50 55
511 18 1 1 2 1 0 33 60 60 60 55 50
511 19 1 1 2 1 0 34 60 55 55 50 50
511 20 1 1 2 1 0 35 50 50 45 45 45
511 21 1 1 2 1 0 36 50 50 45 45 50
511 23 1 1 2 1 0 37 55 50 50 50 55
511 24 1 1 2 1 0 38 50 50 50 55 45
511 25 1 1 2 1 0 39 65 55 60 55 50
511 26 1 1 2 1 0 40 55 53 53 52 50
511 27 1 1 2 1 0 41 58 54 54 50 50
511 28 1 1 2 1 0 42 60 55 65 60 55
511 29 1 1 2 1 0 43 50 50 50 50 52
511 31 1 1 2 1 0 44 52 47 52 50 55
511 32 1 1 2 1 0 45 50 50 50 50 55
511 33 1 1 2 1 0 46 53 43 55 55 50
511 34 1 1 2 1 0 47 60 60 55 50 45
511 35 1 1 2 1 0 48 59 55 60 55 60
511 36 1 1 2 1 0 49 55 50 50 50 55
511 41 1 1 2 1 0 50 50 50 50 50 55
511 44 1 1 2 1 0 51 60 55 60 60 60
511 45 1 1 2 1 0 52 60 60 60 60 55
511 47 1 1 2 1 0 53 55 55 55 60 55
511 48 1 1 2 1 0 54 60 55 60 50 55
511 49 1 1 2 1 0 55 55 55 55 55 55
511 51 1 1 2 1 0 56 55 55 55 60 60
511 53 1 1 2 1 0 57 55 55 57 55 60
511 55 1 1 2 1 0 58 55 55 55 55 55
511 56 1 1 2 1 0 59 50 50 50 50 55
511 57 1 1 2 1 0 60 50 50 55 52 55
511 58 1 1 2 1 0 61 53 50 50 50 55
511 59 1 1 2 1 0 62 57 57 55 56 50
511 60 1 1 2 1 0 63 50 50 45 45 45
511 61 1 1 2 1 0 64 55 56 56 56 56
511 62 1 1 2 1 0 65 62 59 60 59 59
511 63 1 1 2 1 0 66 60 60 60 60 55
511 64 1 1 2 1 0 67 55 55 55 55 55
511 66 1 1 2 1 0 68 50 50 50 50 55
511 67 1 1 2 1 0 69 55 50 50 50 55
511 68 1 1 2 1 0 70 50 50 50 50 50
511 69 1 1 2 1 0 71 50 50 50 50 55
511 71 1 1 2 1 0 72 60 55 55 55 55
511 72 1 1 2 1 0 73 50 50 50 50 55
511 73 1 1 2 1 0 74 55 55 50 50 60
511 74 1 1 2 1 0 75 55 55 55 55 60
511 75 1 1 2 1 0 76 50 50 50 50 55
511 77 1 1 2 1 0 77 55 55 50 50 50
511 78 1 1 2 1 0 78 50 55 55 55 55
511 79 1 1 2 1 0 79 55 55 50 55 50
511 80 1 1 2 1 0 80 50 50 50 50 55
